# This file contains the mean and standard deviation of the squared overlap <ψ_alpha=2|φ_alpha>²> of the ground state wavefunction of the spin-1 generalized Haldane-Shastry model with arbitrary interaction range α with the the ground state of alpha=2 Haldane-Shastry model.
# Here N is the system size, δ is the position disorder strength and α is the interaction range parameter.
# Columns: N, α, δ, mean of squared overlap <ψ_alpha=2|φ_alpha>²>, standard deviation of squared overlap
 
N, α, δ, mean, std_deviation
 
16 0.0 0.0 0.00010461381479949198 0.0
16 0.1 0.0 0.942024802520746 0.0
16 0.2 0.0 0.94900888819277 0.0
16 0.3 0.0 0.9554564688548693 0.0
16 0.4 0.0 0.9613839633566077 0.0
16 0.5 0.0 0.9668077096042788 0.0
16 0.6 0.0 0.9717441694971167 0.0
16 0.7 0.0 0.9762100985309943 0.0
16 0.8 0.0 0.9802226799036701 0.0
16 0.9 0.0 0.9837996225840483 0.0
16 1.0 0.0 0.9869592229116035 0.0
16 1.1 0.0 0.989720389798245 0.0
16 1.2 0.0 0.9921026344210939 0.0
16 1.3 0.0 0.9941260263102336 0.0
16 1.4 0.0 0.9958111188273585 0.0
16 1.5 0.0 0.9971788480764432 0.0
16 1.6 0.0 0.9982504101748687 0.0
16 1.7 0.0 0.9990471224556517 0.0
16 1.8 0.0 0.9995902745131781 0.0
16 1.9 0.0 0.9999009750255914 0.0
16 2.0 0.0 0.9999999999999967 0.0
16 2.1 0.0 0.999907647533349 0.0
16 2.2 0.0 0.9996436034232733 0.0
16 2.3 0.0 0.9992268210708272 0.0
16 2.4 0.0 0.9986754181645228 0.0
16 2.5 0.0 0.9980065916887864 0.0
16 2.6 0.0 0.9972365519162457 0.0
16 2.7 0.0 0.9963804752634582 0.0
16 2.8 0.0 0.9954524752397724 0.0
16 2.9 0.0 0.9944655902119508 0.0
16 3.0 0.0 0.9934317863421713 0.0
16 Inf 0.0 0.9598320045293461 0.0
14 0.0 0.0 0.00021180946866576836 0.0
14 0.1 0.0 0.948799934886648 0.0
14 0.2 0.0 0.9549890321265824 0.0
14 0.3 0.0 0.9607023965239501 0.0
14 0.4 0.0 0.9659537728493319 0.0
14 0.5 0.0 0.9707570007192785 0.0
14 0.6 0.0 0.9751262255580911 0.0
14 0.7 0.0 0.9790760627341336 0.0
14 0.8 0.0 0.9826217157937103 0.0
14 0.9 0.0 0.9857790500090083 0.0
14 1.0 0.0 0.9885646230815734 0.0
14 1.1 0.0 0.9909956756828102 0.0
14 1.2 0.0 0.9930900854473064 0.0
14 1.3 0.0 0.9948662889452128 0.0
14 1.4 0.0 0.9963431769420056 0.0
14 1.5 0.0 0.997539968825036 0.0
14 1.6 0.0 0.9984760723814676 0.0
14 1.7 0.0 0.9991709351292454 0.0
14 1.8 0.0 0.9996438931378249 0.0
14 1.9 0.0 0.9999140227618935 0.0
14 2.0 0.0 1.0000000000000009 0.0
14 2.1 0.0 0.999919971343894 0.0
14 2.2 0.0 0.9996914390683203 0.0
14 2.3 0.0 0.9993311629869698 0.0
14 2.4 0.0 0.9988550798209732 0.0
14 2.5 0.0 0.9982782405329906 0.0
14 2.6 0.0 0.997614765300249 0.0
14 2.7 0.0 0.9968778152493968 0.0
14 2.8 0.0 0.9960795796581692 0.0
14 2.9 0.0 0.9952312770392999 0.0
14 3.0 0.0 0.9943431683482423 0.0
14 Inf 0.0 0.965311325871444 0.0
12 0.0 0.0 0.000991185216031789 0.0
12 0.1 0.0 0.95655906803683 0.0
12 0.2 0.0 0.961905660554619 0.0
12 0.3 0.0 0.9668275931266012 0.0
12 0.4 0.0 0.9713376443317325 0.0
12 0.5 0.0 0.975449055587105 0.0
12 0.6 0.0 0.9791756528205019 0.0
12 0.7 0.0 0.9825319168475862 0.0
12 0.8 0.0 0.9855330074152415 0.0
12 0.9 0.0 0.988194746232815 0.0
12 1.0 0.0 0.9905335646979555 0.0
12 1.1 0.0 0.9925664223461748 0.0
12 1.2 0.0 0.9943107022451539 0.0
12 1.3 0.0 0.9957840895735754 0.0
12 1.4 0.0 0.9970044394494283 0.0
12 1.5 0.0 0.9979896397075411 0.0
12 1.6 0.0 0.9987574737912488 0.0
12 1.7 0.0 0.9993254882543547 0.0
12 1.8 0.0 0.9997108686095089 0.0
12 1.9 0.0 0.9999303264542289 0.0
12 2.0 0.0 0.9999999999999989 0.0
12 2.1 0.0 0.9999353693616134 0.0
12 2.2 0.0 0.9997511872639473 0.0
12 2.3 0.0 0.9994614252132857 0.0
12 2.4 0.0 0.9990792346726289 0.0
12 2.5 0.0 0.9986169223800911 0.0
12 2.6 0.0 0.9980859386534856 0.0
12 2.7 0.0 0.9974968773257967 0.0
12 2.8 0.0 0.9968594858436517 0.0
12 2.9 0.0 0.9961826840215356 0.0
12 3.0 0.0 0.9954745899641414 0.0
12 Inf 0.0 0.9719880330464408 0.0
10 0.0 0.0 0.004610092566818203 0.0
10 0.1 0.0 0.9666879788140533 0.0
10 0.2 0.0 0.9709619375948886 0.0
10 0.3 0.0 0.9748628969506173 0.0
10 0.4 0.0 0.9784066024686119 0.0
10 0.5 0.0 0.9816091808345027 0.0
10 0.6 0.0 0.9844871010453731 0.0
10 0.7 0.0 0.9870571104608994 0.0
10 0.8 0.0 0.9893361524975152 0.0
10 0.9 0.0 0.9913412720663519 0.0
10 1.0 0.0 0.9930895141354226 0.0
10 1.1 0.0 0.9945978200613659 0.0
10 1.2 0.0 0.9958829255972287 0.0
10 1.3 0.0 0.9969612637546557 0.0
10 1.4 0.0 0.997848874998374 0.0
10 1.5 0.0 0.9985613265941957 0.0
10 1.6 0.0 0.9991136423324118 0.0
10 1.7 0.0 0.9995202433172439 0.0
10 1.8 0.0 0.9997949000560052 0.0
10 1.9 0.0 0.9999506957018129 0.0
10 2.0 0.0 1.0000000000000004 0.0
10 2.1 0.0 0.9999544532571423 0.0
10 2.2 0.0 0.9998249594866011 0.0
10 2.3 0.0 0.9996216877783736 0.0
10 2.4 0.0 0.9993540808851642 0.0
10 2.5 0.0 0.9990308700026017 0.0
10 2.6 0.0 0.9986600947407056 0.0
10 2.7 0.0 0.9982491273284828 0.0
10 2.8 0.0 0.9978047001565761 0.0
10 2.9 0.0 0.997332935838357 0.0
10 3.0 0.0 0.996839379052316 0.0
10 Inf 0.0 0.9798488830758008 0.0
8 0.0 0.0 0.03571070634093656 0.0
8 0.1 0.0 0.9801206400282861 0.0
8 0.2 0.0 0.982833384694783 0.0
8 0.3 0.0 0.9852715327902608 0.0
8 0.4 0.0 0.9874540418020042 0.0
8 0.5 0.0 0.9893990881528815 0.0
8 0.6 0.0 0.9911240510598731 0.0
8 0.7 0.0 0.9926455016939876 0.0
8 0.8 0.0 0.9939791978150636 0.0
8 0.9 0.0 0.9951400837941672 0.0
8 1.0 0.0 0.9961422957493956 0.0
8 1.1 0.0 0.9969991713934001 0.0
8 1.2 0.0 0.9977232641109857 0.0
8 1.3 0.0 0.9983263607422665 0.0
8 1.4 0.0 0.998819502532333 0.0
8 1.5 0.0 0.9992130087152142 0.0
8 1.6 0.0 0.9995165022218199 0.0
8 1.7 0.0 0.9997389370340132 0.0
8 1.8 0.0 0.9998886267459446 0.0
8 1.9 0.0 0.9999732739364323 0.0
8 2.0 0.0 0.9999999999999976 0.0
8 2.1 0.0 0.9999753751278392 0.0
8 2.2 0.0 0.9999054481718256 0.0
8 2.3 0.0 0.9997957761642989 0.0
8 2.4 0.0 0.9996514533029851 0.0
8 2.5 0.0 0.9994771392437821 0.0
8 2.6 0.0 0.9992770865743669 0.0
8 2.7 0.0 0.9990551673683346 0.0
8 2.8 0.0 0.9988148987433827 0.0
8 2.9 0.0 0.9985594673676904 0.0
8 3.0 0.0 0.9982917528766666 0.0
8 Inf 0.0 0.9882304657441078 0.0
6 0.0 0.0 0.36802626611526623 0.0
6 0.1 0.0 0.9936886798522638 0.0
6 0.2 0.0 0.9945900484397381 0.0
6 0.3 0.0 0.995389065089496 0.0
6 0.4 0.0 0.9960954407520826 0.0
6 0.5 0.0 0.9967179529346257 0.0
6 0.6 0.0 0.9972645445333332 0.0
6 0.7 0.0 0.9977424111047757 0.0
6 0.8 0.0 0.9981580779867872 0.0
6 0.9 0.0 0.9985174685167961 0.0
6 1.0 0.0 0.9988259644464761 0.0
6 1.1 0.0 0.9990884595171883 0.0
6 1.2 0.0 0.999309407040608 0.0
6 1.3 0.0 0.9994928622223809 0.0
6 1.4 0.0 0.9996425198727868 0.0
6 1.5 0.0 0.9997617480658909 0.0
6 1.6 0.0 0.9998536182365401 0.0
6 1.7 0.0 0.9999209321415884 0.0
6 1.8 0.0 0.9999662460569384 0.0
6 1.9 0.0 0.9999918925342774 0.0
6 2.0 0.0 1.0000000000000004 0.0
6 2.1 0.0 0.9999925104428553 0.0
6 2.2 0.0 0.9999711954056578 0.0
6 2.3 0.0 0.9999376704693477 0.0
6 2.4 0.0 0.999893408394239 0.0
6 2.5 0.0 0.9998397510628779 0.0
6 2.6 0.0 0.9997779203512992 0.0
6 2.7 0.0 0.999709028040086 0.0
6 2.8 0.0 0.9996340848633237 0.0
6 2.9 0.0 0.9995540087819101 0.0
6 3.0 0.0 0.9994696325575743 0.0
6 Inf 0.0 0.9955947947881478 0.0
12 0.0 0.1 0.0002563168785098217 0.0003652594632807328
12 0.1 0.1 0.9500661280181002 0.004391763408768435
12 0.2 0.1 0.955991371275329 0.004007574590082144
12 0.3 0.1 0.9614785327983472 0.0036315792820284217
12 0.4 0.1 0.9665376386239696 0.0032655292254642793
12 0.5 0.1 0.9711792322736299 0.0029111693606820484
12 0.6 0.1 0.9754145247413087 0.0025702208541239944
12 0.7 0.1 0.9792554916025905 0.0022443642371024904
12 0.8 0.1 0.9827149211723893 0.001935223425514714
12 0.9 0.1 0.9858064181701381 0.001644351298533924
12 1.0 0.1 0.9885443679428669 0.001373217394580036
12 1.1 0.1 0.9909438668472501 0.0011231981417142193
12 1.2 0.1 0.993020624819622 0.0008955698861529883
12 1.3 0.1 0.994790846409093 0.0006915048270265301
12 1.4 0.1 0.9962710965798978 0.0005120698176636851
12 1.5 0.1 0.997478157396346 0.00035822786220903385
12 1.6 0.1 0.998428881301334 0.00023084202784576105
12 1.7 0.1 0.9991400461186034 0.00013068141142433512
12 1.8 0.1 0.9996282161935808 5.8428746443674466e-5
12 1.9 0.1 0.9999096132870146 1.4689211320098586e-5
12 2.0 0.1 1.0 0.0
12 2.1 0.1 0.9999145776839824 1.4840237206694474e-5
12 2.2 0.1 0.9996679000138028 5.9640858172854554e-5
12 2.3 0.1 0.9992738027049932 0.00013479412161535717
12 2.4 0.1 0.9987453492581448 0.0002406624802728486
12 2.5 0.1 0.9980947921233466 0.00037758659139223007
12 2.6 0.1 0.9973335482987025 0.0005458923067978546
12 2.7 0.1 0.9964721881041817 0.0007458965360844281
12 2.8 0.1 0.9955204356962226 0.0009779119253652496
12 2.9 0.1 0.9944871797972624 0.0012422503369315969
12 3.0 0.1 0.9933804930936736 0.0015392251517428672
10 0.0 0.1 0.001791865085246591 0.002533684832139773
10 0.1 0.1 0.9615273298855648 0.0036548869670726732
10 0.2 0.1 0.966292408287715 0.0033103778785494673
10 0.3 0.1 0.9706669588407486 0.0029779225957183497
10 0.4 0.1 0.9746649725861977 0.002658690141849834
10 0.5 0.1 0.9783009551048418 0.0023537757140535925
10 0.6 0.1 0.9815898955797407 0.0020641946137746293
10 0.7 0.1 0.9845472071990693 0.0017908783822447852
10 0.8 0.1 0.9871886458379816 0.0015346731193460696
10 0.9 0.1 0.9895302133740738 0.0012963398732650728
10 1.0 0.1 0.9915880513628493 0.0010765569151821976
10 1.1 0.1 0.9933783301286429 0.0008759236590702491
10 1.2 0.1 0.9949171376241529 0.0006949659513138163
10 1.3 0.1 0.9962203716953538 0.000534142437176778
10 1.4 0.1 0.997303638677873 0.00039385170910238864
10 1.5 0.1 0.9981821605666471 0.00027443995289490086
10 1.6 0.1 0.9988706923606954 0.00017620882908550123
10 1.7 0.1 0.9993834506038629 9.942335532185083e-5
10 1.8 0.1 0.999734053631529 4.431958863018394e-5
10 1.9 0.1 0.9999354735977343 1.1111941413516845e-5
10 2.0 0.1 1.0 0.0
10 2.1 0.1 0.99993921413768 1.1174747812011779e-5
10 2.2 0.1 0.9997639737301105 4.4824125636734526e-5
10 2.3 0.1 0.9994844067759351 0.00010113788828494016
10 2.4 0.1 0.9991099136471343 0.00018031173976385025
10 2.5 0.1 0.9986491763713092 0.0002825507478684271
10 2.6 0.1 0.9981101740554759 0.0004080720539818946
10 2.7 0.1 0.9975002034349127 0.0005571069051735981
10 2.8 0.1 0.9968259035843857 0.0007299020438137042
10 2.9 0.1 0.9960932838989448 0.0009267204953700287
10 3.0 0.1 0.9953077545319473 0.0011478417982796277
8 0.0 0.1 0.01299315550884994 0.01736542135380396
8 0.1 0.1 0.9768566298313769 0.0025197710029577075
8 0.2 0.1 0.9799019614925708 0.0022659661577282384
8 0.3 0.1 0.9826554784827809 0.0020250622525127197
8 0.4 0.1 0.9851358705762477 0.001797223674236355
8 0.5 0.1 0.9873611073772056 0.0015825849594290808
8 0.6 0.1 0.9893484136659215 0.0013812558412581268
8 0.7 0.1 0.9911142503144014 0.0011933262015449099
8 0.8 0.1 0.9926743010710054 0.0010188708367037697
8 0.9 0.1 0.9940434652203095 0.000857953966842027
8 1.0 0.1 0.9952358559088254 0.0007106334358127329
8 1.1 0.1 0.9962648037751111 0.0005769645663772624
8 1.2 0.1 0.9971428654218817 0.00045700364868185887
8 1.3 0.1 0.9978818362077732 0.0003508110519321262
8 1.4 0.1 0.9984927668084252 0.0002584539585900832
8 1.5 0.1 0.9989859829928553 0.0001800087277991544
8 1.6 0.1 0.9993711080754966 0.00011556290027882247
8 1.7 0.1 0.9996570875314537 6.521686088499364e-5
8 1.8 0.1 0.9998522152982384 2.9085177638614725e-5
8 1.9 0.1 0.9999641613282827 7.2976375269319685e-6
8 2.0 0.1 1.0 0.0
8 2.1 0.1 0.9999662390394147 7.354489009215456e-6
8 2.2 0.1 0.9998688486476657 2.9540043844630683e-5
8 2.3 0.1 0.9997132905712083 6.675234806573278e-5
8 2.4 0.1 0.9995045468903356 0.00011920365461312277
8 2.5 0.1 0.999247148337721 0.000187122423840289
8 2.6 0.1 0.9989452019912274 0.00027075278979683614
8 2.7 0.1 0.998602418214847 0.0003703538686968872
8 2.8 0.1 0.9982221367478076 0.0004861989221717117
8 2.9 0.1 0.9978073518650824 0.0006185743866743103
8 3.0 0.1 0.9973607365528473 0.0007677787793039366
6 0.0 0.1 0.06634935443924724 0.08437012668195558
6 0.1 0.1 0.992402149074421 0.0011506274519419088
6 0.2 0.1 0.9934367222394056 0.0010344992945074002
6 0.3 0.1 0.9943610556849963 0.0009248139446502261
6 0.4 0.1 0.9951850627549585 0.0008214318045229179
6 0.5 0.1 0.9959176953003802 0.0007242407405118029
6 0.6 0.1 0.9965670441339503 0.0006331544058350627
6 0.7 0.1 0.9971404278661137 0.0005481106537257543
6 0.8 0.1 0.9976444715234292 0.00046907004392684093
6 0.9 0.1 0.9980851761914286 0.0003960144417348196
6 1.0 0.1 0.9984679807787575 0.00032894570643029466
6 1.1 0.1 0.9987978168674765 0.0002678844643781994
6 1.2 0.1 0.9990791574959766 0.0002128689611035743
6 1.3 0.1 0.9993160606154676 0.00016395398611933007
6 1.4 0.1 0.999512207867924 0.00012120986404752819
6 1.5 0.1 0.9996709392510984 8.472150556778113e-5
6 1.6 0.1 0.9997952841643272 5.458751185966155e-5
6 1.7 0.1 0.9998879892659094 3.0919326440197546e-5
6 1.8 0.1 0.999951543517779 1.3840428595537492e-5
6 1.9 0.1 0.9999882007455275 3.485562941180518e-6
6 2.0 0.1 1.0 0.0
6 2.1 0.1 0.9999887839706575 3.5388230481522792e-6
6 2.2 0.1 0.9999562156693512 1.4266236842668962e-5
6 2.3 0.1 0.9999037935758812 3.235489419958156e-5
6 2.4 0.1 0.9998328654129562 5.7985236737965834e-5
6 2.5 0.1 0.9997446406976088 9.134484644509534e-5
6 2.6 0.1 0.9996402021981484 0.00013262780504448863
6 2.7 0.1 0.9995205164102134 0.00018203405846577673
6 2.8 0.1 0.99938644315188 0.00023976878402862665
6 2.9 0.1 0.9992387443660786 0.000306041758251433
6 3.0 0.1 0.9990780922081708 0.00038106672349503824
12 0.0 0.3 0.00025894520660028284 0.00037421359696411245
12 0.1 0.3 0.8737160699055155 0.05870643886741195
12 0.2 0.3 0.8858613292591769 0.05391471251184006
12 0.3 0.3 0.8975641547552432 0.049082176864536954
12 0.4 0.3 0.9087893469102033 0.04425582041364339
12 0.5 0.3 0.9195002906297184 0.03948464305060075
12 0.6 0.3 0.9296599496436122 0.03481836444423248
12 0.7 0.3 0.9392319129749164 0.03030603352634939
12 0.8 0.3 0.9481814509445675 0.025994600013765294
12 0.9 0.3 0.9564765320210845 0.021927533399617224
12 1.0 0.3 0.9640887493884398 0.018143591087789793
12 1.1 0.3 0.9709941091075804 0.01467583246852814
12 1.2 0.3 0.9771736407321249 0.01155094830398538
12 1.3 0.3 0.9826138050831384 0.00878893376646527
12 1.4 0.3 0.987306690196229 0.006403091686326238
12 1.5 0.3 0.9912500024784835 0.0044003202154854724
12 1.6 0.3 0.9944468736043303 0.0027816206529043155
12 1.7 0.3 0.9969055133258625 0.0015427558511460465
12 1.8 0.3 0.9986387438047148 0.0006749938281477348
12 1.9 0.3 0.9996634526199749 0.00016588084356875183
12 2.0 0.3 1.0 0.0
12 2.1 0.3 0.9996716119509002 0.00015968330598555832
12 2.2 0.3 0.9987037856866999 0.000625655955467567
12 2.3 0.3 0.9971237278781735 0.0013776008075646008
12 2.4 0.3 0.9949598403492348 0.002394638501534583
12 2.5 0.3 0.9922412624124614 0.003655724316065587
12 2.6 0.3 0.9889974743362591 0.0051399669017392425
12 2.7 0.3 0.9852579626190886 0.006826876582577528
12 2.8 0.3 0.9810519448405396 0.008696552285862446
12 2.9 0.3 0.9764081498126174 0.010729816583831367
12 3.0 0.3 0.9713546474632986 0.01290830807168152
10 0.0 0.3 0.0017817473249239926 0.002468518492377962
10 0.1 0.3 0.9068360218305337 0.04255310084765885
10 0.2 0.3 0.9166091244363808 0.0385163341527466
10 0.3 0.3 0.9258736524353303 0.03458153453089567
10 0.4 0.3 0.9346143190204883 0.0307764736921688
10 0.5 0.3 0.9428177459967746 0.027126891142925328
10 0.6 0.3 0.9504728228611213 0.023656075106685038
10 0.7 0.3 0.9575709755070626 0.020384542097548853
10 0.8 0.3 0.9641063418283032 0.017329819361260393
10 0.9 0.3 0.9700758556415566 0.014506328484272312
10 1.0 0.3 0.9754792442790752 0.011925363834820164
10 1.1 0.3 0.980318948584234 0.009595156010109974
10 1.2 0.3 0.9845999766507975 0.00752100795091245
10 1.3 0.3 0.9883297043533865 0.005705489749623321
10 1.4 0.3 0.9915176364961316 0.00414867739431454
10 1.5 0.3 0.9941751423148113 0.0028484207508306628
10 1.6 0.3 0.9963151782288732 0.0018006269354315324
10 1.7 0.3 0.9979520093217122 0.0009995467468794142
10 1.8 0.3 0.9991009392205255 0.00043805381973710875
10 1.9 0.3 0.9997780560384121 0.00010790840852363785
10 2.0 0.3 1.0 0.0
10 2.1 0.3 0.9997837564331067 0.00010456509934830145
10 2.2 0.3 0.9991464760714308 0.0004113784188560947
10 2.3 0.3 0.9981053231373402 0.0009099172436041436
10 2.4 0.3 0.9966773504866777 0.0015894999345841651
10 2.5 0.3 0.9948794001996847 0.002439400369486343
10 2.6 0.3 0.9927280273740823 0.003448940653134924
10 2.7 0.3 0.9902394444869163 0.004607564704202347
10 2.8 0.3 0.9874294835025339 0.005904895397550062
10 2.9 0.3 0.9843135728754944 0.007330777865444534
10 3.0 0.3 0.9809067266907293 0.008875311383363466
8 0.0 0.3 0.012421255069265766 0.018291534631151546
8 0.1 0.3 0.944970396493083 0.02433448099558911
8 0.2 0.3 0.9512320971886723 0.021796258112621432
8 0.3 0.3 0.9570486658899657 0.019390902540492503
8 0.4 0.3 0.9624328669199963 0.01712227258112756
8 0.5 0.3 0.9673976676522087 0.01499336940984356
8 0.6 0.3 0.9719561380277149 0.013006402218752974
8 0.7 0.3 0.9761213535305887 0.01116285684886095
8 0.8 0.3 0.9799063043850836 0.009463565436404994
8 0.9 0.3 0.9833238130571408 0.007908774927646859
8 1.0 0.3 0.9863864615205048 0.006498212704039032
8 1.1 0.3 0.9891065291938946 0.005231147971211241
8 1.2 0.3 0.9914959419751399 0.004106447971212346
8 1.3 0.3 0.9935662323925982 0.003122628455334812
8 1.4 0.3 0.9953285105627157 0.0022778981890258726
8 1.5 0.3 0.9967934453810287 0.0015701975415135594
8 1.6 0.3 0.9979712551771898 0.0009972314369597714
8 1.7 0.3 0.9988717069254981 0.000556497111545875
8 1.8 0.3 0.999504123013862 0.0002453072353961101
8 1.9 0.3 0.9998773945283095 6.080902524094858e-5
8 2.0 0.3 1.0 0.0
8 2.1 0.3 0.9998800285800643 5.974102433789863e-5
8 2.2 0.3 0.9995252066484994 0.00023676725199487753
8 2.3 0.3 0.9989429269212281 0.0005276975282280001
8 2.4 0.3 0.9981402791894266 0.0009290427453081012
8 2.5 0.3 0.9971240819034819 0.001437213572194173
8 2.6 0.3 0.9959009138969648 0.0020485279039287856
8 2.7 0.3 0.9944771456310351 0.0027592183017353298
8 2.8 0.3 0.9928589694246663 0.0035654396241989426
8 2.9 0.3 0.991052428219031 0.0044632769854010814
8 3.0 0.3 0.989063442504199 0.005448754118856261
6 0.0 0.3 0.0736621762937011 0.08946860381916658
6 0.1 0.3 0.980061066473152 0.010478962788856603
6 0.2 0.3 0.9823439963038361 0.009424948802264074
6 0.3 0.3 0.9844488571504211 0.008426292834570255
6 0.4 0.3 0.9863864985123605 0.0074825845115162075
6 0.5 0.3 0.9881665840718905 0.00659359169181872
6 0.6 0.3 0.9897977072766192 0.005759241968069001
6 0.7 0.3 0.9912874958112324 0.004979604058664314
6 0.8 0.3 0.9926427061831149 0.004254869248295853
6 0.9 0.3 0.9938693095378279 0.0035853329971889687
6 1.0 0.3 0.9949725697094107 0.002971376813710861
6 1.1 0.3 0.9959571144016095 0.002413450468123603
6 1.2 0.3 0.9968270002923417 0.0019120546148570124
6 1.3 0.3 0.9975857727565295 0.0014677238848546802
6 1.4 0.3 0.998236520812592 0.0010810105068672434
6 1.5 0.3 0.9987819278159948 0.0007524685158688349
6 1.6 0.3 0.9992243183490556 0.0004826386071458603
6 1.7 0.3 0.9995657016896524 0.0002720336953072593
6 1.8 0.3 0.9998078121822953 0.00012112523791852951
6 1.9 0.3 0.9999521467825278 3.033038320777945e-5
6 2.0 0.3 1.0 0.0
6 2.1 0.3 0.9999524964255891 3.0407645473000982e-5
6 2.2 0.3 0.9998106209940747 0.00012173952236083371
6 2.3 0.3 0.9995752471049382 0.0002740854718365486
6 2.4 0.3 0.9992471627000579 0.00048743104152846776
6 2.5 0.3 0.9988270943775717 0.0007616506601095982
6 2.6 0.3 0.9983157296059266 0.0010965019408598854
6 2.7 0.3 0.9977137370904847 0.001491621126788735
6 2.8 0.3 0.9970217853368298 0.0019465196796417535
6 2.9 0.3 0.9962405594495884 0.002460582004705016
6 3.0 0.3 0.9953707762028401 0.00303306429310436
12 0.0 0.5 0.000257881487031752 0.0003557155308901171
12 0.1 0.5 0.7540663176992862 0.09546982716127046
12 0.2 0.5 0.7784905446765075 0.08637127612553253
12 0.3 0.5 0.8022404798249856 0.07734241499710544
12 0.4 0.5 0.8251247613971606 0.06850811122642092
12 0.5 0.5 0.8469639939524136 0.05998515449047182
12 0.6 0.5 0.8675973314868407 0.05187640341410703
12 0.7 0.5 0.8868876613159767 0.04426701177059597
12 0.8 0.5 0.904725070464979 0.037222633363298376
12 0.9 0.5 0.9210285276202106 0.030789313847958487
12 1.0 0.5 0.9357459027093286 0.024994717385837677
12 1.1 0.5 0.9488525776462701 0.019850291541327687
12 1.2 0.5 0.9603489808354387 0.015353952917705364
12 1.3 0.5 0.9702574057618787 0.011492912637709934
12 1.4 0.5 0.9786184560503917 0.00824635096955803
12 1.5 0.5 0.9854874086816259 0.005587762068034248
12 1.6 0.5 0.9909307196356512 0.0034868914403108162
12 1.7 0.5 0.995022826195711 0.001911263296752448
12 1.8 0.5 0.9978433370628382 0.0008273393080116234
12 1.9 0.5 0.9994746501790541 0.00020136967579909696
12 2.0 0.5 1.0 0.0
12 2.1 0.5 0.9995019099487376 0.00019069086677681415
12 2.2 0.5 0.9980610099138341 0.0007419970328498263
12 2.3 0.5 0.9957551706349201 0.0016237429163651288
12 2.4 0.5 0.9926589044956813 0.0028071223913974605
12 2.5 0.5 0.9888429837932727 0.004264744032619307
12 2.6 0.5 0.9843742315225411 0.0059706377951892
12 2.7 0.5 0.9793154450049972 0.00790023526743623
12 2.8 0.5 0.9737254185110541 0.010030332729826692
12 2.9 0.5 0.9676590368237338 0.012339044006317851
12 3.0 0.5 0.9611674171230442 0.014805748309761411
10 0.0 0.5 0.0019585989908591688 0.0030873182267016513
10 0.1 0.5 0.8275318158196168 0.06763102925716219
10 0.2 0.5 0.8462750971182722 0.06041980890770613
10 0.3 0.5 0.864082401380558 0.053493493338995286
10 0.4 0.5 0.8808713797284058 0.0469107540006968
10 0.5 0.5 0.8965756034551519 0.04072018890601192
10 0.6 0.5 0.9111455123896528 0.03495908811294262
10 0.7 0.5 0.9245484967920956 0.029653169402698815
10 0.8 0.5 0.9367682078341191 0.024817166792195863
10 0.9 0.5 0.9478032539199063 0.020456040803706076
10 1.0 0.5 0.9576654695600724 0.016566545779994828
10 1.1 0.5 0.9663779427033964 0.013138918545697908
10 1.2 0.5 0.9739729640375419 0.010158512779035865
10 1.3 0.5 0.9804900279111456 0.0076072678100368215
10 1.4 0.5 0.9859739776000321 0.005464954565047513
10 1.5 0.5 0.9904733532044417 0.0037101806664016903
10 1.6 0.5 0.9940389714857 0.0023211624623268074
10 1.7 0.5 0.9967227445001948 0.0012762870327907671
10 1.8 0.5 0.9985767278480753 0.0005544949805885792
10 1.9 0.5 0.9996523789552956 0.00013551744310798974
10 2.0 0.5 1.0 0.0
10 2.1 0.5 0.999668337777385 0.00012954328665755745
10 2.2 0.5 0.998704312958662 0.0005066860943487792
10 2.3 0.5 0.9971528529832514 0.0011148522296357852
10 2.4 0.5 0.9950568055515908 0.0019382778985179369
10 2.5 0.5 0.9924569128543058 0.0029619321897412293
10 2.6 0.5 0.9893918299282032 0.004171439542056333
10 2.7 0.5 0.9858981736388757 0.005553009979355703
10 2.8 0.5 0.9820105916157207 0.00709338040358097
10 2.9 0.5 0.9777618429382086 0.008779768319693708
10 3.0 0.5 0.9731828844694788 0.010599837972648105
8 0.0 0.5 0.012457616392248442 0.017427415270212708
8 0.1 0.5 0.901330256929415 0.044211084561057545
8 0.2 0.5 0.9126787239643552 0.03928450806194017
8 0.3 0.5 0.9232437911559077 0.03464935862260414
8 0.4 0.5 0.933031828681546 0.030318170985299854
8 0.5 0.5 0.9420537981545191 0.02629832820640281
8 0.6 0.5 0.950324611189253 0.022592697769500708
8 0.7 0.5 0.9578624600517436 0.01920035036077106
8 0.8 0.5 0.9646881570325648 0.016117295179192644
8 0.9 0.5 0.9708245109661844 0.013337179847726253
8 1.0 0.5 0.9762957607826411 0.010851919232900914
8 1.1 0.5 0.9811270780379778 0.00865223292825513
8 1.2 0.5 0.9853441436187644 0.0067280840255079495
8 1.3 0.5 0.9889727985196072 0.0050690213737765435
8 1.4 0.5 0.9920387647643375 0.003664433872628421
8 1.5 0.5 0.9945674300353171 0.002503728940356065
8 1.6 0.5 0.9965836881659125 0.0015764487729397884
8 1.7 0.5 0.998111827093721 0.0008723379740768903
8 1.8 0.5 0.9991754559362015 0.0003813751142162925
8 1.9 0.5 0.9997974633390226 9.377917857605692e-5
8 2.0 0.5 1.0 0.0
8 2.1 0.5 0.9998044791648116 9.069986560353646e-5
8 2.2 0.5 0.9992315898327165 0.00035673169015963083
8 2.3 0.5 0.9983013183364206 0.0007891175613996694
8 2.4 0.5 0.997032974826324 0.0013790301344039665
8 2.5 0.5 0.9954452219692637 0.0021177782989890365
8 2.6 0.5 0.9935561038520568 0.0029967977529493984
8 2.7 0.5 0.9913830736566982 0.004007646554119114
8 2.8 0.5 0.988943019150173 0.005142005354619571
8 2.9 0.5 0.9862522854148149 0.006391681798011983
8 3.0 0.5 0.9833266945450367 0.007748618444125531
6 0.0 0.5 0.06703784916445465 0.08718048380931703
6 0.1 0.5 0.9611118116724724 0.02213046284891034
6 0.2 0.5 0.9654648996702537 0.019788744971124674
6 0.3 0.5 0.9695080444870293 0.017584911998297138
6 0.4 0.5 0.9732545698798367 0.015517508375586584
6 0.5 0.5 0.976716465523462 0.013585190469105581
6 0.6 0.5 0.9799045293389669 0.01178671213075588
6 0.7 0.5 0.9828285018927901 0.010120905686294462
6 0.8 0.5 0.9854971927687277 0.008586659770868121
6 0.9 0.5 0.9879185989135084 0.007182895105888098
6 1.0 0.5 0.9901000150203347 0.005908539048467255
6 1.1 0.5 0.9920481360548546 0.004762499543961299
6 1.2 0.5 0.9937691520519365 0.0037436389678403674
6 1.3 0.5 0.9952688353255172 0.0028507482494137685
6 1.4 0.5 0.9965526202417535 0.00208252162054945
6 1.5 0.5 0.9976256757109327 0.0014375323202843117
6 1.6 0.5 0.9984929705580166 0.0009142096027505101
6 1.7 0.5 0.999159331937177 0.0005108174315105538
6 1.8 0.5 0.9996294969630677 0.00022543528738798704
6 1.9 0.5 0.9999081577419885 5.594155762299239e-5
6 2.0 0.5 1.0 0.0
6 2.1 0.5 0.9999097355232 5.50497757645243e-5
6 2.2 0.5 0.9996421286475666 0.0002182995110577217
6 2.3 0.5 0.9992020170624013 0.00048672577299836505
6 2.4 0.5 0.9985943272214859 0.0008570762325845234
6 2.5 0.5 0.9978240846889036 0.0013258776363757302
6 2.6 0.5 0.9968964197802136 0.0018894485314408273
6 2.7 0.5 0.9958165688928179 0.002543916496393898
6 2.8 0.5 0.9945898719492081 0.003285239441150221
6 2.9 0.5 0.9932217664015942 0.004109230365620055
6 3.0 0.5 0.9917177782638383 0.00501158482778972
12 0.0 0.8 0.0002748761710876501 0.00038964929234686253
12 0.1 0.8 0.7094999701285611 0.12058019359312389
12 0.2 0.8 0.7440733830731904 0.10819589012039037
12 0.3 0.8 0.7765717784307807 0.09611337754892231
12 0.4 0.8 0.8067691555686057 0.08450497521728328
12 0.5 0.8 0.8345343087182021 0.07349787781319235
12 0.6 0.8 0.8598124427263014 0.06318619487403578
12 0.7 0.8 0.8826086806657797 0.053637019339996816
12 0.8 0.8 0.9029738542057826 0.04489456005972256
12 0.9 0.8 0.9209924209026407 0.03698350390946264
12 1.0 0.8 0.9367723978304955 0.02991193240775008
12 1.1 0.8 0.9504371821399176 0.02367394090474825
12 1.2 0.8 0.9621190681147266 0.01825206029302487
12 1.3 0.8 0.9719542293574932 0.013619536622458236
12 1.4 0.8 0.9800789282858559 0.009742476583952038
12 1.5 0.8 0.986626732449357 0.006581831179657733
12 1.6 0.8 0.9917265444479325 0.004095174226124259
12 1.7 0.8 0.9955012805554683 0.0022382355870924214
12 1.8 0.8 0.9980670587820405 0.0009661646764742717
12 1.9 0.8 0.9995327793601875 0.00023452007737825674
12 2.0 0.8 1.0 0.0
12 2.1 0.8 0.9995630253334394 0.00022094235737266763
12 2.2 0.8 0.9983091451306751 0.000857631504592527
12 2.3 0.8 0.9963189692605592 0.0018724517519875146
12 2.4 0.8 0.993666819017285 0.0032299268865764986
12 2.5 0.8 0.9904211443774273 0.004896681434181176
12 2.6 0.8 0.9866449450663157 0.00684135433215993
12 2.7 0.8 0.982396180129578 0.00903448981573146
12 2.8 0.8 0.9777281561802588 0.011448424172115628
12 2.9 0.8 0.9726898887820636 0.014057180988856579
12 3.0 0.8 0.96732643467922 0.0168363819768358
10 0.0 0.8 0.0019408306047646736 0.0029646622976966233
10 0.1 0.8 0.8009670067065884 0.09718856532783798
10 0.2 0.8 0.8263140295230139 0.08567511933690766
10 0.3 0.8 0.8495597752678727 0.07493102912688068
10 0.4 0.8 0.870720428171277 0.06498796469466242
10 0.5 0.8 0.8898504884843568 0.0558567590404198
10 0.6 0.8 0.9070301481939625 0.04753403819644521
10 0.7 0.8 0.9223558963769418 0.04000575247248468
10 0.8 0.8 0.9359336055153037 0.0332495843999299
10 0.9 0.8 0.947873465228953 0.02723699560240152
10 1.0 0.8 0.9582863117275294 0.021935057308937134
10 1.1 0.8 0.9672810307349605 0.01730803688186735
10 1.2 0.8 0.9749627897947436 0.013318705950988344
10 1.3 0.8 0.981431905972752 0.009929365017681636
10 1.4 0.8 0.9867831918390741 0.00710260579811754
10 1.5 0.8 0.9911056527666091 0.0048018483290788614
10 1.6 0.8 0.9944824344020813 0.0029916958457244644
10 1.7 0.8 0.9969909413533652 0.0016381495539271218
10 1.8 0.8 0.9987030668921738 0.0007087205764877805
10 1.9 0.8 0.9996854889375375 0.00017246983965691387
10 2.0 0.8 1.0 0.0
10 2.1 0.8 0.9997038484662699 0.00016341752695200009
10 2.2 0.8 0.9988500759888099 0.0006362780881168728
10 2.3 0.8 0.99748784122856 0.0013935244547344302
10 2.4 0.8 0.9956627241734283 0.0024114231192198187
10 2.5 0.8 0.9934170080658089 0.0036675035140699883
10 2.6 0.8 0.9907899379073927 0.005140501978752874
10 2.7 0.8 0.9878179557988825 0.006810311320395266
10 2.8 0.8 0.9845349141931079 0.00865793588102258
10 2.9 0.8 0.9809722686255175 0.01066545141182981
10 3.0 0.8 0.9771592517349633 0.01281596872327145
8 0.0 0.8 0.012601289150755287 0.017005162884914
8 0.1 0.8 0.8796420874387217 0.06725048558213384
8 0.2 0.8 0.8951929148935244 0.05879350657789059
8 0.3 0.8 0.9092955363543858 0.051083095008711055
8 0.4 0.8 0.9220324069881723 0.044083814184694974
8 0.5 0.8 0.9334887466839253 0.03775645458914955
8 0.6 0.8 0.9437493054669825 0.03206069017474515
8 0.7 0.8 0.9528962773456082 0.0269567269280572
8 0.8 0.8 0.9610080401962533 0.02240628965237438
8 0.9 0.8 0.9681584762353039 0.01837316749823188
8 1.0 0.8 0.9744166902421917 0.014823466015280097
8 1.1 0.8 0.9798469915740758 0.011725667820227749
8 1.2 0.8 0.9845090435298209 0.009050572630928323
8 1.3 0.8 0.9884581120132494 0.006771164990097254
8 1.4 0.8 0.9917453665622028 0.004862442070860025
8 1.5 0.8 0.9944182022046943 0.0033012230148798008
8 1.6 0.8 0.9965205615966994 0.0020659540271692587
8 1.7 0.8 0.9980932445928193 0.0011365187978510675
8 1.8 0.8 0.9991741976958947 0.0004940607938941027
8 1.9 0.8 0.999798779419798 0.00012082186590304945
8 2.0 0.8 1.0 0.0
8 2.1 0.8 0.9998087354707234 0.00011562767708745378
8 2.2 0.8 0.9992539171532825 0.00045247109530685076
8 2.3 0.8 0.9983626982405537 0.0009959494668859668
8 2.4 0.8 0.9971605995327222 0.0017320727529928756
8 2.5 0.8 0.9956716365561934 0.0026473955839405655
8 2.6 0.8 0.9939184303339094 0.0037289847418212007
8 2.7 0.8 0.9919223040098807 0.004964397448302939
8 2.8 0.8 0.9897033673936662 0.00634166777046579
8 2.9 0.8 0.9872805913062416 0.007849298687056536
8 3.0 0.8 0.98467187339745 0.00947625769561405
6 0.0 0.8 0.06535804505433888 0.08265100415382362
6 0.1 0.8 0.9452627515444347 0.04093990039684249
6 0.2 0.8 0.9518620917392446 0.03613258329432432
6 0.3 0.8 0.9579117103027788 0.03170307404530871
6 0.4 0.8 0.9634443182746762 0.027630498701647473
6 0.5 0.8 0.9684895175038947 0.023896536943269455
6 0.6 0.8 0.9730741620949983 0.020485041375516676
6 0.7 0.8 0.9772227221907248 0.017381638446480142
6 0.8 0.8 0.9809576310230556 0.014573347986961726
6 0.9 0.8 0.9842996033302639 0.012048243848852652
6 1.0 0.8 0.9872679184928963 0.009795167376307886
6 1.1 0.8 0.9898806655678234 0.007803497478247274
6 1.2 0.8 0.9921549501417043 0.006062975346674403
6 1.3 0.8 0.9941070648241517 0.004563578080577858
6 1.4 0.8 0.9957526264299222 0.003295433375940249
6 1.5 0.8 0.997106683596318 0.0022487667353984593
6 1.6 0.8 0.9981837988662408 0.0014138729929452606
6 1.7 0.8 0.9989981092468508 0.0007811049787505701
6 1.8 0.8 0.9995633690248825 0.00034087353243729206
6 1.9 0.8 0.9998929782647459 8.36545373933114e-5
6 2.0 0.8 1.0 0.0
6 2.1 0.8 0.9998971687010032 8.05513205641037e-5
6 2.2 0.8 0.9995968921940664 0.00031605374842742946
6 2.3 0.8 0.9991112488384887 0.000697371583052558
6 2.4 0.8 0.9984519814460151 0.0012155040091442223
6 2.5 0.8 0.9976304891529774 0.0018616015879333073
6 2.6 0.8 0.9966578182252761 0.0026269834256147625
6 2.7 0.8 0.9955446525840843 0.003503154958259885
6 2.8 0.8 0.9943013046793308 0.004481826177196227
6 2.9 0.8 0.9929377072023252 0.005554930005688132
6 3.0 0.8 0.9914634060130703 0.0067146404504599575
12 0.0 1.0 0.00027278378248371234 0.0004122551229114459
12 0.1 1.0 0.7435307089693239 0.13087239656449595
12 0.2 1.0 0.7773728205072995 0.11602990741588687
12 0.3 1.0 0.8081486974360038 0.1019876949747984
12 0.4 1.0 0.8362816022607842 0.0869814418216359
12 0.5 1.0 0.8613410088631542 0.07466417393268625
12 0.6 1.0 0.8834754102939374 0.06367296316354691
12 0.7 1.0 0.9030671637482732 0.05366651821839706
12 0.8 1.0 0.9203144925257373 0.044642948771802624
12 0.9 1.0 0.9353949690029242 0.03658452721049821
12 1.0 1.0 0.9484771984423116 0.02946168750466584
12 1.1 1.0 0.95972118077269 0.02323682395292046
12 1.2 1.0 0.9692777534335162 0.017866958381820813
12 1.3 1.0 0.9772882302941532 0.013305744227695983
12 1.4 1.0 0.9838843350731642 0.00950502671479385
12 1.5 1.0 0.9891883736084541 0.006416066723776779
12 1.6 1.0 0.9933135758633344 0.003990483087926431
12 1.7 1.0 0.9963645498808521 0.0021809479196840554
12 1.8 1.0 0.9984378028426809 0.0009416663914828502
12 1.9 1.0 0.9996222949327085 0.0002286755480352493
12 2.0 1.0 1.0 0.0
12 2.1 1.0 0.9996464537793613 0.00021570285721085264
12 2.2 1.0 0.9986312761480183 0.000837867320755592
12 2.3 1.0 0.9970186587732232 0.0018305385978477499
12 2.4 1.0 0.9948678135610829 0.003159648510266496
12 2.5 1.0 0.9922333805143849 0.0047929377364461494
12 2.6 1.0 0.9891657959398664 0.006699884178541333
12 2.7 1.0 0.9857116234721791 0.008851641090599188
12 2.8 1.0 0.9819138512282893 0.011220985424806833
12 2.9 1.0 0.9778121587456315 0.013782275073453691
12 3.0 1.0 0.9734431573347807 0.016511412844254416
10 0.0 1.0 0.002015897270878199 0.0030711715625935405
10 0.1 1.0 0.8208147846575093 0.10398082600087649
10 0.2 1.0 0.8452914515649896 0.09035610582237627
10 0.3 1.0 0.8671593803102338 0.07830303165356747
10 0.4 1.0 0.8866404615735295 0.067443081722785
10 0.5 1.0 0.9039647864118215 0.05761733789791034
10 0.6 1.0 0.9193247166836755 0.04876665985328053
10 0.7 1.0 0.9328873761791832 0.0408442390950329
10 0.8 1.0 0.9448037374626744 0.03380051153853829
10 0.9 1.0 0.9552121587388677 0.027583383544128617
10 1.0 1.0 0.9642397955062394 0.022140148178786942
10 1.1 1.0 0.9720034004821289 0.017418976885786943
10 1.2 1.0 0.9786100051579351 0.013369863168078939
10 1.3 1.0 0.9841576115083139 0.009945158574065376
10 1.4 1.0 0.9887359062263165 0.007099830428200964
10 1.5 1.0 0.9924269786978196 0.004791533517021267
10 1.6 1.0 0.9953060203849665 0.0029805599744648623
10 1.7 1.0 0.9974419877512108 0.0016297132509729138
10 1.8 1.0 0.9988982167636332 0.0007041397964092743
10 1.9 1.0 0.9997329823021088 0.00017114335126134966
10 2.0 1.0 1.0 0.0
10 2.1 1.0 0.9997488711606942 0.00016178657048133453
10 2.2 1.0 0.9990254736005321 0.0006292301794447736
10 2.3 1.0 0.9978723027326517 0.0013765826187818297
10 2.4 1.0 0.9963287680730838 0.00237951989419414
10 2.5 1.0 0.9944314507374092 0.0036150646567916322
10 2.6 1.0 0.9922143275029699 0.005061527564780731
10 2.7 1.0 0.9897089667282152 0.006698462754902664
10 2.8 1.0 0.986944700933235 0.00850663248606645
10 2.9 1.0 0.9839487802338258 0.010467976472369361
10 3.0 1.0 0.9807465101573969 0.012565582251217403
8 0.0 1.0 0.01299082837129893 0.019221728354841466
8 0.1 1.0 0.8948578960868832 0.0705500122698854
8 0.2 1.0 0.9089081713179274 0.0614723505338293
8 0.3 1.0 0.9214921196414864 0.053296123730428566
8 0.4 1.0 0.9327439157366207 0.04593557594647834
8 0.5 1.0 0.9427834720432516 0.03931826781072846
8 0.6 1.0 0.9517177067980843 0.033382057992640206
8 0.7 1.0 0.9596419373345562 0.02807293026337306
8 0.8 1.0 0.9666412240886447 0.023343483204490367
8 0.9 1.0 0.9727916159960824 0.019151821682613798
8 1.0 1.0 0.9781612836093992 0.01546068432628124
8 1.1 1.0 0.9828115370622637 0.012236717995877265
8 1.2 1.0 0.986797730627529 0.009449854798879453
8 1.3 1.0 0.9901700583938796 0.007072770404096174
8 1.4 1.0 0.9929742474603153 0.005080413599774818
8 1.5 1.0 0.99525215627407 0.0034496019551246565
8 1.6 1.0 0.9970422864561619 0.0021586802463157352
8 1.7 1.0 0.9983802167875885 0.001187238620434375
8 1.8 1.0 0.9992989680676889 0.0005158870706359802
8 1.9 1.0 0.9998293073834364 0.0001260820359408141
8 2.0 1.0 1.0 0.0
8 2.1 1.0 0.9998380166359092 0.00012045198781274447
8 2.2 1.0 0.9993687033414517 0.00047083200821204104
8 2.3 1.0 0.9986159205712307 0.0010350919368165856
8 2.4 1.0 0.9976021573441824 0.0017977352288547149
8 2.5 1.0 0.9963486256358889 0.0027438222743411934
8 2.6 1.0 0.9948753393753926 0.0038589811423126235
8 2.7 1.0 0.9932011816542177 0.0051294187892975225
8 2.8 1.0 0.9913439630341377 0.006541929342942442
8 2.9 1.0 0.9893204731921369 0.00808389760124333
8 3.0 1.0 0.9871465275879974 0.009743297218604638
6 0.0 1.0 0.06825922204181345 0.09054062789089366
6 0.1 1.0 0.948820303671594 0.041947412965321444
6 0.2 1.0 0.9552194498505673 0.03678014223693148
6 0.3 1.0 0.9610344253495424 0.032078048772512226
6 0.4 1.0 0.9663098735695046 0.027803211928347726
6 0.5 1.0 0.9710848259830233 0.02392354682365076
6 0.6 1.0 0.9753937003105808 0.020411619206009476
6 0.7 1.0 0.979267122667586 0.017243695662808693
6 0.8 1.0 0.9827326013463819 0.014398983457008815
6 0.9 1.0 0.9858150763301732 0.011859020148143891
6 1.0 1.0 0.98853736546649 0.009607181610457087
6 1.1 1.0 0.9909205251602519 0.007628285381008284
6 1.2 1.0 0.9929841405676045 0.00590827291742132
6 1.3 1.0 0.9947465577200288 0.004433958815842746
6 1.4 1.0 0.9962250678616681 0.0031928375538197275
6 1.5 1.0 0.9974360525429451 0.0021729394619636163
6 1.6 1.0 0.9983950966281401 0.0013627280404587606
6 1.7 1.0 0.9991170752666884 0.0007510309485092356
6 1.8 1.0 0.9996162199713685 0.0003269973351564687
6 1.9 1.0 0.9999061681791945 8.007478362933471e-5
6 2.0 1.0 1.0 0.0
6 2.1 1.0 0.9999102652586743 7.679840043934598e-5
6 2.2 1.0 0.9996490033981498 0.00030078882283997256
6 2.3 1.0 0.999227758327923 0.000662590601559303
6 2.4 1.0 0.9986575898767593 0.0011531311226573731
6 2.5 1.0 0.9979490831387196 0.0017636526816145449
6 2.6 1.0 0.9971123566875257 0.0024857179890722726
6 2.7 1.0 0.9961570703728261 0.003311214029486875
6 2.8 1.0 0.9950924331989508 0.0042323542034366736
6 2.9 1.0 0.9939272116167603 0.005241678812071601
6 3.0 1.0 0.9926697384264251 0.006332054005213298
