# This file contains the mean r-statistics values and standard errors for the generalized Haldane-Shastry model with arbitrary interaction range α 
 for various parameters in (m,k)=(0,1) for clean systems and m=0 for disordered systems.
# Here N is the system size, hj is the magnetic field strength, δ is the position disorder strength and α is the interaction range parameter.
# Columns: N, hj, δ, α, mean_r_statistic, std_error
 
N, hj, δ, α, mean_r_statistic, std_error
 
22 0.0 0.0 0.01 0.5285699647465607 0.0
22 0.0 0.0 0.05 0.5288159730210127 0.0
22 0.0 0.0 0.1 0.5202569725153207 0.0
22 0.0 0.0 0.0 1.2348481097772643e-14 0.0
22 0.0 0.0 0.2 0.4894169004184075 0.0
22 0.0 0.0 0.4 0.4387129279708115 0.0
22 0.0 0.0 0.6 0.4126508410798472 0.0
22 0.0 0.0 0.8 0.4022442245336346 0.0
22 0.0 0.0 1.0 0.4015388930532342 0.0
22 0.0 0.0 1.2 0.39614300330445457 0.0
22 0.0 0.0 1.4 0.3963866099869282 0.0
22 0.0 0.0 1.6 0.3964191891214932 0.0
22 0.0 0.0 1.8 0.39796529025570865 0.0
22 0.0 0.0 2.0 5.066380670867275e-13 0.0
22 0.0 0.0 2.2 0.3983400156499458 0.0
22 0.0 0.0 2.4 0.396655876205239 0.0
22 0.0 0.0 2.6 0.3980161306313745 0.0
22 0.0 0.0 2.8 0.4000119259210378 0.0
22 0.0 0.0 3.0 0.3980637662198776 0.0
16 0.0 0.0 0.0 2.89552671623851e-16 0.0
16 0.0 0.0 0.2 0.49036084088650167 0.0
16 0.0 0.0 0.4 0.4428260142604276 0.0
16 0.0 0.0 0.6 0.4222624435269942 0.0
16 0.0 0.0 0.8 0.4235856869098595 0.0
16 0.0 0.0 1.0 0.4233409062522524 0.0
16 0.0 0.0 1.2 0.406961067088071 0.0
16 0.0 0.0 1.4 0.40340395098065546 0.0
16 0.0 0.0 1.6 0.40912836134158 0.0
16 0.0 0.0 1.8 0.39957609008909095 0.0
16 0.0 0.0 2.0 3.881813757875759e-15 0.0
16 0.0 0.0 2.2 0.3973896929169245 0.0
16 0.0 0.0 2.4 0.40966261384929975 0.0
16 0.0 0.0 2.6 0.40313216512760813 0.0
16 0.0 0.0 2.8 0.39428916226466937 0.0
16 0.0 0.0 3.0 0.3919388593002523 0.0
16 0.0 0.1 0.01 0.488131914867202 0.00041599149472238973
16 0.0 0.1 0.05 0.49002199478079794 0.00040832799912274374
16 0.0 0.1 0.1 0.4912183988843592 0.0003834842316629931
16 0.0 0.1 0.0 2.89552671623851e-16 0.0
16 0.0 0.1 0.2 0.48286424395716715 0.00026145530655778356
16 0.0 0.1 0.4 0.4499332180863907 0.00013215488763170872
16 0.0 0.1 0.6 0.4259342407026842 9.917781303426088e-5
16 0.0 0.1 0.8 0.4136263790706587 9.055888329869079e-5
16 0.0 0.1 1.0 0.4067758062587653 9.291368872531355e-5
16 0.0 0.1 1.2 0.4032973283890542 9.271844824270888e-5
16 0.0 0.1 1.4 0.4014050281857514 8.951649807246648e-5
16 0.0 0.1 1.6 0.4009080405872784 8.912603628910022e-5
16 0.0 0.1 1.8 0.4002223158347527 9.348229580140412e-5
16 0.0 0.1 2.0 0.3973050571450621 8.607151483162031e-5
16 0.0 0.1 2.2 0.39797261464132927 9.348638977090752e-5
16 0.0 0.1 2.4 0.39768658565906345 8.863400111655774e-5
16 0.0 0.1 2.6 0.3972365146721587 9.246827884157442e-5
16 0.0 0.1 2.8 0.39747537376488384 8.996255106453938e-5
16 0.0 0.1 3.0 0.39679709917950595 8.971882925825222e-5
16 0.0 0.3 0.01 0.5250576691545664 0.00010098340761492312
16 0.0 0.3 0.05 0.5251319719349374 0.00010265990511452694
16 0.0 0.3 0.1 0.5223565934057256 9.487713564612173e-5
16 0.0 0.3 0.2 0.5039698980083284 8.72187902968785e-5
16 0.0 0.3 0.4 0.4576769865083101 8.978011925978001e-5
16 0.0 0.3 0.6 0.4279887917650629 8.779817195517092e-5
16 0.0 0.3 0.8 0.41310858762388936 9.489359312334149e-5
16 0.0 0.3 1.0 0.40583275490479975 8.730340819707834e-5
16 0.0 0.3 1.2 0.4018739863154044 8.960090087580426e-5
16 0.0 0.3 1.4 0.399982479544086 9.055801755431607e-5
16 0.0 0.3 1.6 0.39863064097043316 9.069682723023243e-5
16 0.0 0.3 1.8 0.3979575555292527 8.993051223441908e-5
16 0.0 0.3 2.0 0.39721661514225465 8.640767670851918e-5
16 0.0 0.3 2.2 0.3968854754586945 8.777452066724767e-5
16 0.0 0.3 2.4 0.396821455543791 8.771898409112679e-5
16 0.0 0.3 2.6 0.3966238627228638 9.016597895071185e-5
16 0.0 0.3 2.8 0.3964518170042625 9.299881767160097e-5
16 0.0 0.3 3.0 0.3965972445531105 9.088150028320883e-5
16 0.0 0.5 0.01 0.5276112662110968 8.913038249663355e-5
16 0.0 0.5 0.05 0.5277713822677982 9.184566663584978e-5
16 0.0 0.5 0.1 0.5244844528163042 8.684809898281589e-5
16 0.0 0.5 0.0 2.89552671623851e-16 0.0
16 0.0 0.5 0.2 0.5043733598277712 8.956869675831357e-5
16 0.0 0.5 0.4 0.45639230734322045 9.26349489608883e-5
16 0.0 0.5 0.6 0.42650921184357404 9.604075907424217e-5
16 0.0 0.5 0.8 0.41194700070823814 9.478941136907489e-5
16 0.0 0.5 1.0 0.40491026304173133 9.65706615677401e-5
16 0.0 0.5 1.2 0.4015977046169795 8.761417619100175e-5
16 0.0 0.5 1.4 0.3997236997723975 9.115641427613212e-5
16 0.0 0.5 1.6 0.3986573338157969 8.700298784117204e-5
16 0.0 0.5 1.8 0.3982550576238305 8.899448443366268e-5
16 0.0 0.5 2.0 0.39777533852642116 9.33536466306127e-5
16 0.0 0.5 2.2 0.3974562277137332 9.328651358304888e-5
16 0.0 0.5 2.4 0.39708686151950817 9.928886155257463e-5
16 0.0 0.5 2.6 0.3965285896161957 0.00010255676719633063
16 0.0 0.5 2.8 0.3962005002953276 0.00010515720080179481
16 0.0 0.5 3.0 0.39592442656883914 0.00010548026620280202
16 0.0 0.8 0.01 0.5269779933960056 9.841595610576894e-5
16 0.0 0.8 0.05 0.5270891443892668 0.00010612958008282112
16 0.0 0.8 0.1 0.5224502177455237 0.00011553929800559723
16 0.0 0.8 0.2 0.4999214552060361 0.0001417619309234899
16 0.0 0.8 0.4 0.44965669727292507 0.00016615739278139465
16 0.0 0.8 0.6 0.42156568257965754 0.00013643241081422568
16 0.0 0.8 0.8 0.4087191792323578 0.00012204324842629139
16 0.0 0.8 1.0 0.4028973368612764 0.00010884490670206653
16 0.0 0.8 1.2 0.3998211801119682 0.00010713352564562145
16 0.0 0.8 1.4 0.39796390143229265 0.00010830903474117907
16 0.0 0.8 1.6 0.39693873612917424 0.00010346321326022512
16 0.0 0.8 1.8 0.39615213911241426 0.0001100714761852307
16 0.0 0.8 2.0 0.39564042104499375 0.00011183985981469164
16 0.0 0.8 2.2 0.3950448377350191 0.00010864021726394443
16 0.0 0.8 2.4 0.3946334640619809 0.00010812396577759298
16 0.0 0.8 2.6 0.39456503885970406 0.0001090823576231789
16 0.0 0.8 2.8 0.394232475756316 0.00011080718337645055
16 0.0 0.8 3.0 0.394302311214828 0.00010878589374652271
16 0.0 1.0 0.01 0.5189565753854961 0.0004141238175361761
16 0.0 1.0 0.05 0.5186965679267814 0.0004236029415654479
16 0.0 1.0 0.1 0.5140065066272691 0.00041948274282374733
16 0.0 1.0 0.0 2.89552671623851e-16 0.0
16 0.0 1.0 0.2 0.4865160211693348 0.0005184117328923313
16 0.0 1.0 0.4 0.4394290908763411 0.00035305956331115745
16 0.0 1.0 0.6 0.41565393632653386 0.0002174512918038653
16 0.0 1.0 0.8 0.40525221257805566 0.00014954260161147422
16 0.0 1.0 1.0 0.40070561544990685 0.00012732844358943554
16 0.0 1.0 1.2 0.3983797568637289 0.00011813437067719711
16 0.0 1.0 1.4 0.39706125820051114 0.00011803705906807893
16 0.0 1.0 1.6 0.3961217703822196 0.00011504301634209797
16 0.0 1.0 1.8 0.3956077331141976 0.00011145671342207959
16 0.0 1.0 2.0 0.395214547199009 0.00011289244829580384
16 0.0 1.0 2.2 0.39473853999709363 0.00011612560465948328
16 0.0 1.0 2.4 0.39454184527887576 0.0001085604566064654
16 0.0 1.0 2.6 0.3947411765980302 0.00011308007414148417
16 0.0 1.0 2.8 0.39443773910313146 0.00010948238529888615
16 0.0 1.0 3.0 0.3945201595890614 0.000108979128817696
16 0.1 0.0 0.01 0.524770263830877 0.00012895326273139579
16 0.1 0.0 0.05 0.4978748356419706 0.0005079437310120409
16 0.1 0.0 0.1 0.4705205922128293 0.0007225279388117167
16 0.1 0.0 0.0 0.38560082594238765 0.000220944357975126
16 0.1 0.0 0.2 0.4435820785750716 0.0007851189913003355
16 0.1 0.0 0.4 0.45071899899964984 0.0005175508113893913
16 0.1 0.0 0.6 0.48533129557916677 0.0002945967559772392
16 0.1 0.0 0.8 0.5087500326707343 0.0001868305878071575
16 0.1 0.0 1.0 0.5190512652841577 0.00013940488339291162
16 0.1 0.0 1.2 0.5231896907714116 0.00011312780900162737
16 0.1 0.0 1.4 0.5256660605577421 0.0001008147036748281
16 0.1 0.0 1.6 0.5264534604711762 0.0001020628768508149
16 0.1 0.0 1.8 0.5269242762588349 0.00010140128049596757
16 0.1 0.0 2.0 0.5271957062282546 9.90964535857558e-5
16 0.1 0.0 2.2 0.5280093337331837 9.721205684073293e-5
16 0.1 0.0 2.4 0.5285883807909716 9.176577348733087e-5
16 0.1 0.0 2.6 0.528716653628471 9.594199980355685e-5
16 0.1 0.0 2.8 0.5289022107086773 8.829582838017292e-5
16 0.1 0.0 3.0 0.5291119757768601 8.809383307631107e-5
16 0.1 0.1 0.01 0.5259333007002828 9.72319208518195e-5
16 0.1 0.1 0.05 0.5156571806099826 0.00016466793918669016
16 0.1 0.1 0.1 0.5094296090872288 0.00017797914019395213
16 0.1 0.1 0.0 0.38560082594238765 0.000220944357975126
16 0.1 0.1 0.2 0.5042795864896561 0.0001848094803643218
16 0.1 0.1 0.4 0.5046910760728703 0.00013151036987871264
16 0.1 0.1 0.6 0.5179075014615925 0.00010825468872521805
16 0.1 0.1 0.8 0.5251160891513686 9.279849823246958e-5
16 0.1 0.1 1.0 0.527211270191282 8.842865220707304e-5
16 0.1 0.1 1.2 0.5279041131082727 8.412167844236205e-5
16 0.1 0.1 1.4 0.5287638831004775 9.128280784216131e-5
16 0.1 0.1 1.6 0.5287473996244721 8.893778436599728e-5
16 0.1 0.1 1.8 0.5288256474736893 9.211926610075767e-5
16 0.1 0.1 2.0 0.5292603115529887 8.94453454215413e-5
16 0.1 0.1 2.2 0.5293530477331329 8.692444694825096e-5
16 0.1 0.1 2.4 0.5294971567180266 8.773485914937133e-5
16 0.1 0.1 2.6 0.5297981371014251 8.625010359870466e-5
16 0.1 0.1 2.8 0.5298126055995712 8.760896673962195e-5
16 0.1 0.1 3.0 0.5299868101467253 8.789847828233806e-5
16 0.1 0.3 0.01 0.5278895114115415 8.689693201234583e-5
16 0.1 0.3 0.05 0.5267509627977167 8.871527490215267e-5
16 0.1 0.3 0.1 0.5243320069262901 8.812773761396582e-5
16 0.1 0.3 0.2 0.5199255196546804 9.314263269192146e-5
16 0.1 0.3 0.4 0.5138462085829596 8.908719265651689e-5
16 0.1 0.3 0.6 0.5237496829219349 9.869527238823705e-5
16 0.1 0.3 0.8 0.5284640432592835 8.863591449209732e-5
16 0.1 0.3 1.0 0.5295647070010456 8.900092357546132e-5
16 0.1 0.3 1.2 0.5296073310467908 8.523964981441766e-5
16 0.1 0.3 1.4 0.529975137078755 8.597937750048572e-5
16 0.1 0.3 1.6 0.5297846785303628 8.50220153394669e-5
16 0.1 0.3 1.8 0.5298661199503809 8.403341103273422e-5
16 0.1 0.3 2.0 0.529960781417115 8.46445735678807e-5
16 0.1 0.3 2.2 0.5298842366486618 8.445700210852662e-5
16 0.1 0.3 2.4 0.5299168608504445 8.178935521689007e-5
16 0.1 0.3 2.6 0.5298405472070578 8.609229865378129e-5
16 0.1 0.3 2.8 0.5298134487038698 8.862961275626268e-5
16 0.1 0.3 3.0 0.5295074041150151 9.537824206411124e-5
16 0.1 0.5 0.01 0.5284433037333168 8.60158556663611e-5
16 0.1 0.5 0.05 0.528182657890281 8.538460114677474e-5
16 0.1 0.5 0.1 0.5256002952877171 8.770614634069725e-5
16 0.1 0.5 0.0 0.38560082594238765 0.000220944357975126
16 0.1 0.5 0.2 0.5209068764273804 8.977891637184676e-5
16 0.1 0.5 0.4 0.5144123619028447 0.00010157275341106437
16 0.1 0.5 0.6 0.5248209817002125 9.724261107872481e-5
16 0.1 0.5 0.8 0.5289114572275433 8.599224778017391e-5
16 0.1 0.5 1.0 0.5296112162360779 8.295493288535591e-5
16 0.1 0.5 1.2 0.5297194880705204 8.575914853222815e-5
16 0.1 0.5 1.4 0.5292313584028637 9.519728832856493e-5
16 0.1 0.5 1.6 0.5281185946146874 0.00015535455955938872
16 0.1 0.5 1.8 0.5257631890160788 0.0002669979809788956
16 0.1 0.5 2.0 0.5220917154583254 0.0003973038630161705
16 0.1 0.5 2.2 0.5168934195835575 0.00053817516057087
16 0.1 0.5 2.4 0.5117366370702052 0.0006084042836036014
16 0.1 0.5 2.6 0.5043647142521306 0.0006971392463615339
16 0.1 0.5 2.8 0.49891562227835723 0.0007616050149308207
16 0.1 0.5 3.0 0.49341238164720985 0.0008029514122569663
16 0.1 0.8 0.01 0.5277159423671393 8.857798051790784e-5
16 0.1 0.8 0.05 0.5271874354857548 9.394246286776974e-5
16 0.1 0.8 0.1 0.5240417953547322 0.00010966344186013302
16 0.1 0.8 0.2 0.5177088594349954 0.00012509696184733366
16 0.1 0.8 0.4 0.5145927761204967 0.000136551874373601
16 0.1 0.8 0.6 0.5240895738181528 0.00016702163988957552
16 0.1 0.8 0.8 0.5226720637703769 0.00038284502334540486
16 0.1 0.8 1.0 0.5135029680347006 0.0006314594737566305
16 0.1 0.8 1.2 0.5060832096069705 0.000721408002708897
16 0.1 0.8 1.4 0.4970812707297295 0.0007989620633897389
16 0.1 0.8 1.6 0.49032037606434553 0.0008308333913526888
16 0.1 0.8 1.8 0.4853422130360812 0.0008580225863315621
16 0.1 0.8 2.0 0.481682991071559 0.0008167486940458152
16 0.1 0.8 2.2 0.47417062187698983 0.0008219650790078179
16 0.1 0.8 2.4 0.4710311604960445 0.0007921705365259832
16 0.1 0.8 2.6 0.46584759682622734 0.0007781349306121068
16 0.1 0.8 2.8 0.4631753833882109 0.0007765674412443156
16 0.1 0.8 3.0 0.4603949764272633 0.0007278643416274709
16 0.1 1.0 0.01 0.525689706614802 0.00015519960857093878
16 0.1 1.0 0.05 0.522398302465094 0.00027577754371731103
16 0.1 1.0 0.1 0.5169336253345332 0.00034212558845628065
16 0.1 1.0 0.0 0.38560082594238765 0.000220944357975126
16 0.1 1.0 0.2 0.5098068110473528 0.00034975588705778914
16 0.1 1.0 0.4 0.5112861909461118 0.0002939438899881148
16 0.1 1.0 0.6 0.5137021631823828 0.0005364566967713783
16 0.1 1.0 0.8 0.5043899197559746 0.0007504593403487713
16 0.1 1.0 1.0 0.49509766615049033 0.0008220173830797541
16 0.1 1.0 1.2 0.48685065089642043 0.0008645928469224381
16 0.1 1.0 1.4 0.4805022184013028 0.0008649575081028368
16 0.1 1.0 1.6 0.47769176923998713 0.0008771601624221797
16 0.1 1.0 1.8 0.471403870674254 0.0008122044622440286
16 0.1 1.0 2.0 0.4681374784859476 0.0008063093265203634
16 0.1 1.0 2.2 0.46416000850714756 0.0007822546141898226
16 0.1 1.0 2.4 0.46172623282657904 0.0007556552805892971
16 0.1 1.0 2.6 0.4583571561723581 0.0007524734824002228
16 0.1 1.0 2.8 0.4569676769346407 0.000707788153140752
16 0.1 1.0 3.0 0.45435381059102353 0.0006743692161376961
16 0.3 0.0 0.01 0.5195701179398412 0.00016950080165647262
16 0.3 0.0 0.05 0.527230599843031 9.629282659172877e-5
16 0.3 0.0 0.1 0.5248516063174425 0.00013076280405240181
16 0.3 0.0 0.0 0.3856023870968625 0.0001704449913314582
16 0.3 0.0 0.2 0.5186612100014648 0.00021003141311112399
16 0.3 0.0 0.4 0.5138389110998214 0.00026120859522035415
16 0.3 0.0 0.6 0.5206975226241308 0.00016075619696911308
16 0.3 0.0 0.8 0.5259164768090963 0.00010674805151103475
16 0.3 0.0 1.0 0.5282526042594978 8.693388180147264e-5
16 0.3 0.0 1.2 0.5291923267182999 8.71387768434424e-5
16 0.3 0.0 1.4 0.5298316993143327 8.670076901172907e-5
16 0.3 0.0 1.6 0.5302505978133657 8.509226910447249e-5
16 0.3 0.0 1.8 0.5302264894825678 8.762718385272725e-5
16 0.3 0.0 2.0 0.530199565100971 8.643495873422785e-5
16 0.3 0.0 2.2 0.5304060971581618 8.696998594261969e-5
16 0.3 0.0 2.4 0.5303534653228074 8.599835937127742e-5
16 0.3 0.0 2.6 0.5304825776089086 8.580270036136908e-5
16 0.3 0.0 2.8 0.5305505109980264 8.55484084392036e-5
16 0.3 0.0 3.0 0.5304993238920443 8.713950735328965e-5
16 0.3 0.1 0.01 0.5196313148203624 0.00016906041427235664
16 0.3 0.1 0.05 0.527603999075957 8.617359390104452e-5
16 0.3 0.1 0.1 0.5259513168601663 0.00010213911437446603
16 0.3 0.1 0.2 0.5215779815239617 0.00013956863449730316
16 0.3 0.1 0.4 0.518421222984624 0.00014623716073618092
16 0.3 0.1 0.6 0.5247046443213587 9.645449186907682e-5
16 0.3 0.1 0.8 0.5279237671854639 8.552506187787476e-5
16 0.3 0.1 1.0 0.5291570923928662 8.72662131173851e-5
16 0.3 0.1 1.2 0.5296646552536055 8.549544820218108e-5
16 0.3 0.1 1.4 0.5302408337086575 8.480568180520714e-5
16 0.3 0.1 1.6 0.5303203977641382 8.676599896733732e-5
16 0.3 0.1 1.8 0.5302311671408901 8.503238159464376e-5
16 0.3 0.1 2.0 0.5302492742168486 8.551544711338845e-5
16 0.3 0.1 2.2 0.5305207640033865 8.590101841690108e-5
16 0.3 0.1 2.4 0.5303621101035362 8.459825624450544e-5
16 0.3 0.1 2.6 0.5306129420236463 8.850442478356603e-5
16 0.3 0.1 2.8 0.5307097992332996 8.252911081393332e-5
16 0.3 0.1 3.0 0.530552401363711 8.593059479293039e-5
16 0.3 0.3 0.01 0.5194888272250122 0.0001672261145749583
16 0.3 0.3 0.05 0.5282739255630653 8.509089127204652e-5
16 0.3 0.3 0.1 0.5273452954651364 8.869116061221779e-5
16 0.3 0.3 0.2 0.524985447606091 9.253732601359154e-5
16 0.3 0.3 0.4 0.5224075075203802 0.00011355910278447611
16 0.3 0.3 0.6 0.5275969559618726 8.943528819443269e-5
16 0.3 0.3 0.8 0.5293602071449747 8.471846600216298e-5
16 0.3 0.3 1.0 0.5300642584036868 8.500396531436345e-5
16 0.3 0.3 1.2 0.5301867748320975 8.188287278129956e-5
16 0.3 0.3 1.4 0.5304913053253482 8.251657225844776e-5
16 0.3 0.3 1.6 0.5303736649068324 8.532971121929525e-5
16 0.3 0.3 1.8 0.5303271260025588 8.537828760841416e-5
16 0.3 0.3 2.0 0.5303540383180615 8.57930127166198e-5
16 0.3 0.3 2.2 0.5303847534504251 8.632099202970934e-5
16 0.3 0.3 2.4 0.5304169572106302 8.614233983188713e-5
16 0.3 0.3 2.6 0.5304398295998732 8.427992194380817e-5
16 0.3 0.3 2.8 0.5303172191795047 8.669372420030063e-5
16 0.3 0.3 3.0 0.5302401667797451 9.197196935387544e-5
16 0.3 0.5 0.01 0.5193710803286842 0.00017583256391401757
16 0.3 0.5 0.05 0.5285375613828971 8.108162855423948e-5
16 0.3 0.5 0.1 0.527854818935896 8.858370755083918e-5
16 0.3 0.5 0.2 0.5253894448152968 9.417816166381094e-5
16 0.3 0.5 0.4 0.5231579607706776 0.00010763793192801028
16 0.3 0.5 0.6 0.5278460567310754 8.241879345750659e-5
16 0.3 0.5 0.8 0.5297981105411156 8.146887927662039e-5
16 0.3 0.5 1.0 0.5302413599385826 8.570859532391951e-5
16 0.3 0.5 1.2 0.5302567755899066 8.418633797363515e-5
16 0.3 0.5 1.4 0.5301926668262407 8.706359804876333e-5
16 0.3 0.5 1.6 0.5292996399836589 0.00012049533622830783
16 0.3 0.5 1.8 0.5279541546907326 0.00020729690100908994
16 0.3 0.5 2.0 0.5242348559850448 0.0003613291679188556
16 0.3 0.5 2.2 0.521438012495453 0.00043793555106606786
16 0.3 0.5 2.4 0.5146402047756056 0.0005815489239958164
16 0.3 0.5 2.6 0.5095358636384861 0.0006627450170449081
16 0.3 0.5 2.8 0.5029147195282295 0.000738051086913073
16 0.3 0.5 3.0 0.4991460801431144 0.0007761990145679746
16 0.3 0.8 0.01 0.5195394108926812 0.00017904290312118206
16 0.3 0.8 0.05 0.5278091692901559 9.00419993466361e-5
16 0.3 0.8 0.1 0.5270153622249194 9.345476521183406e-5
16 0.3 0.8 0.2 0.524082372582382 0.00011270451417400858
16 0.3 0.8 0.4 0.5229555496870871 0.00011244256629319047
16 0.3 0.8 0.6 0.5277643179010021 9.425652625740831e-5
16 0.3 0.8 0.8 0.527959580225967 0.00019594465579054037
16 0.3 0.8 1.0 0.522469843662192 0.0004327202033829991
16 0.3 0.8 1.2 0.5123412561512364 0.0006378460650313464
16 0.3 0.8 1.4 0.5045997461879906 0.0007407011874575916
16 0.3 0.8 1.6 0.49865171549198595 0.0007663942595356482
16 0.3 0.8 1.8 0.4912716791564443 0.0008179892272999435
16 0.3 0.8 2.0 0.48695914603053 0.0008190485157884033
16 0.3 0.8 2.2 0.47927196748072237 0.0008234605492422998
16 0.3 0.8 2.4 0.4740040046609504 0.0007930341611691336
16 0.3 0.8 2.6 0.47088749020300896 0.0007990152028320029
16 0.3 0.8 2.8 0.46661874563023004 0.000792701289383764
16 0.3 0.8 3.0 0.4625528606256121 0.0007764040146106161
16 0.3 1.0 0.01 0.519392990310623 0.00020830366423502174
16 0.3 1.0 0.05 0.5265851973229566 0.00012758399071129324
16 0.3 1.0 0.1 0.5245724217627012 0.00018661992816743094
16 0.3 1.0 0.2 0.5207554640717927 0.00022722879040617608
16 0.3 1.0 0.4 0.5206878511372024 0.00019326055954148124
16 0.3 1.0 0.6 0.5224468035379027 0.0003477992655476524
16 0.3 1.0 0.8 0.5162281680514361 0.0005821874513703179
16 0.3 1.0 1.0 0.505499826081476 0.0007236134286357487
16 0.3 1.0 1.2 0.49665943629118475 0.0007947893867954276
16 0.3 1.0 1.4 0.49075768098424294 0.0008205114391393157
16 0.3 1.0 1.6 0.48344105069675797 0.0008188912556335881
16 0.3 1.0 1.8 0.4775982339417321 0.0008345126649332807
16 0.3 1.0 2.0 0.47356631398610355 0.0008075331165731691
16 0.3 1.0 2.2 0.46936090434499766 0.0007895966335302331
16 0.3 1.0 2.4 0.4659939176853446 0.0007761619014432004
16 0.3 1.0 2.6 0.46126821857821415 0.000727848479303614
16 0.3 1.0 2.8 0.45759702303889704 0.000720717886358026
16 0.3 1.0 3.0 0.45454136182461696 0.0007227507293057251
16 0.5 0.0 0.01 0.5028972066985297 0.00031830216491291646
16 0.5 0.0 0.05 0.5262058655642095 9.929249648718442e-5
16 0.5 0.0 0.1 0.5274779315966709 8.680164048389797e-5
16 0.5 0.0 0.0 0.3858024866733593 0.00017100208298528188
16 0.5 0.0 0.2 0.5269863960117745 9.875223155064681e-5
16 0.5 0.0 0.4 0.5252882879822445 0.00011558385577823508
16 0.5 0.0 0.6 0.5269357708265759 9.100955878745837e-5
16 0.5 0.0 0.8 0.5290014384212552 8.975965707107126e-5
16 0.5 0.0 1.0 0.5296767832475527 8.613949047237185e-5
16 0.5 0.0 1.2 0.5300301748595247 8.44483743725844e-5
16 0.5 0.0 1.4 0.5302851664114937 8.677727325897385e-5
16 0.5 0.0 1.6 0.5303482562955522 8.473539035560288e-5
16 0.5 0.0 1.8 0.5303418699692978 8.703853296816627e-5
16 0.5 0.0 2.0 0.5304719240648433 8.28598999465763e-5
16 0.5 0.0 2.2 0.5305880661013858 8.680669760530143e-5
16 0.5 0.0 2.4 0.5305205146104659 8.507074701922938e-5
16 0.5 0.0 2.6 0.5305732574989279 8.691529542982446e-5
16 0.5 0.0 2.8 0.5308122239274861 8.226894376896842e-5
16 0.5 0.0 3.0 0.5307044199821905 8.527698546420049e-5
16 0.5 0.1 0.01 0.5029689003790108 0.0003270684267184335
16 0.5 0.1 0.05 0.5261580398693451 0.0001032737986876534
16 0.5 0.1 0.1 0.5272539964438958 8.837474083427811e-5
16 0.5 0.1 0.0 0.3858024866733593 0.00017100208298528188
16 0.5 0.1 0.2 0.5270912778363135 9.627468600829933e-5
16 0.5 0.1 0.4 0.5253848298696937 0.00011022542505316357
16 0.5 0.1 0.6 0.5273913862092567 8.829422702109819e-5
16 0.5 0.1 0.8 0.529120113768263 8.500622757323739e-5
16 0.5 0.1 1.0 0.5297784098880649 8.650698561680998e-5
16 0.5 0.1 1.2 0.5301451331109399 7.98847197686683e-5
16 0.5 0.1 1.4 0.5303199722741786 8.206252793180652e-5
16 0.5 0.1 1.6 0.530358065571838 8.825698298673493e-5
16 0.5 0.1 1.8 0.53064419562496 8.722629763530297e-5
16 0.5 0.1 2.0 0.5305479610599314 8.616856121491534e-5
16 0.5 0.1 2.2 0.5305975838783973 8.427260849601098e-5
16 0.5 0.1 2.4 0.5305868043088314 8.340680091852286e-5
16 0.5 0.1 2.6 0.5305186522800047 8.620178990724498e-5
16 0.5 0.1 2.8 0.5305477970628587 8.48750211031834e-5
16 0.5 0.1 3.0 0.5305452316855428 8.464415653727144e-5
16 0.5 0.3 0.01 0.5027656397702485 0.000329251532104699
16 0.5 0.3 0.05 0.5264464302627683 0.00010141153304892014
16 0.5 0.3 0.1 0.5276693618175139 8.796123292016763e-5
16 0.5 0.3 0.2 0.5279051780316683 8.694636150238357e-5
16 0.5 0.3 0.4 0.5263313238922125 9.404199050448342e-5
16 0.5 0.3 0.6 0.528373792790937 8.201655297779606e-5
16 0.5 0.3 0.8 0.5297727584161885 8.073582834593474e-5
16 0.5 0.3 1.0 0.5300756200293284 8.484096697340167e-5
16 0.5 0.3 1.2 0.5302051905261167 8.757008370204962e-5
16 0.5 0.3 1.4 0.5303625658114245 8.768691558717419e-5
16 0.5 0.3 1.6 0.5304430740727165 8.485176591496947e-5
16 0.5 0.3 1.8 0.5303390335602407 8.401769897971598e-5
16 0.5 0.3 2.0 0.5304868955576659 8.39322218862206e-5
16 0.5 0.3 2.2 0.5302677868062539 8.663001200743862e-5
16 0.5 0.3 2.4 0.5304009915529866 8.625808395801273e-5
16 0.5 0.3 2.6 0.5302152621520684 8.626443230113197e-5
16 0.5 0.3 2.8 0.530164235040766 8.598403652046944e-5
16 0.5 0.3 3.0 0.5300412601060062 9.377673926078466e-5
16 0.5 0.5 0.01 0.5034169168068591 0.0003419872467579724
16 0.5 0.5 0.05 0.5263861568339 0.00010236791140460443
16 0.5 0.5 0.1 0.5274934152306968 9.111098343747151e-5
16 0.5 0.5 0.0 0.3858024866733593 0.00017100208298528188
16 0.5 0.5 0.2 0.5277239983531886 8.60603003676465e-5
16 0.5 0.5 0.4 0.5265241861670701 8.868326746936697e-5
16 0.5 0.5 0.6 0.5283726551538656 8.366259344736918e-5
16 0.5 0.5 0.8 0.5298436582350137 8.773453557386974e-5
16 0.5 0.5 1.0 0.5302259829515354 8.927262696562802e-5
16 0.5 0.5 1.2 0.5302186403084527 8.449170014282436e-5
16 0.5 0.5 1.4 0.530103957826741 8.656316651479736e-5
16 0.5 0.5 1.6 0.5297244973400934 0.000103302691247144
16 0.5 0.5 1.8 0.528427150616234 0.00015349325270948196
16 0.5 0.5 2.0 0.5263143082711708 0.00024559685944862484
16 0.5 0.5 2.2 0.5222223367886011 0.0003981745565613196
16 0.5 0.5 2.4 0.5176310341606601 0.0005025846431034829
16 0.5 0.5 2.6 0.5122718627281863 0.0006063517706412776
16 0.5 0.5 2.8 0.5067063075728351 0.0006897836860174616
16 0.5 0.5 3.0 0.5001509390084939 0.0007633889999379449
16 0.5 0.8 0.01 0.5035075999871967 0.0003450745406147298
16 0.5 0.8 0.05 0.526071313486714 0.00010470023059262225
16 0.5 0.8 0.1 0.5272396156643285 9.147311103450683e-5
16 0.5 0.8 0.2 0.5266934988776081 9.785444664488445e-5
16 0.5 0.8 0.4 0.5255833905252469 9.621382249822516e-5
16 0.5 0.8 0.6 0.5284783509303034 9.07540624534145e-5
16 0.5 0.8 0.8 0.5289966886631069 0.0001446528052855476
16 0.5 0.8 1.0 0.5261239743623349 0.00031129134183596047
16 0.5 0.8 1.2 0.5176853374390223 0.0005312933695664061
16 0.5 0.8 1.4 0.510090965147253 0.0006671170828108963
16 0.5 0.8 1.6 0.5011318850226096 0.0007542500677297132
16 0.5 0.8 1.8 0.49292309141857943 0.0008107278053364419
16 0.5 0.8 2.0 0.48784665634354546 0.0008248194291645734
16 0.5 0.8 2.2 0.4811780823827366 0.0008475898218388726
16 0.5 0.8 2.4 0.4764658795676789 0.0008138467808299967
16 0.5 0.8 2.6 0.4697980158228766 0.0008244331673559133
16 0.5 0.8 2.8 0.46403069359687515 0.000796322104716764
16 0.5 0.8 3.0 0.4596207105878088 0.0007905210135331622
16 0.5 1.0 0.01 0.5034615920543369 0.00036055257851786733
16 0.5 1.0 0.05 0.525289885387165 0.00013263545541806893
16 0.5 1.0 0.1 0.5261661833907924 0.00012452597416687226
16 0.5 1.0 0.0 0.3858024866733593 0.00017100208298528188
16 0.5 1.0 0.2 0.5244793704078522 0.00016124775806799883
16 0.5 1.0 0.4 0.5240842232740929 0.00014989825353493494
16 0.5 1.0 0.6 0.5251187911075043 0.00029280225200372707
16 0.5 1.0 0.8 0.5200678558723797 0.0004842205412645328
16 0.5 1.0 1.0 0.5109604632718004 0.0006795283031971465
16 0.5 1.0 1.2 0.5024477123018138 0.0007629232322573594
16 0.5 1.0 1.4 0.49224966800660347 0.0008272307587370638
16 0.5 1.0 1.6 0.4884949787720375 0.0008144003609716665
16 0.5 1.0 1.8 0.47971483233387946 0.0008221914920232995
16 0.5 1.0 2.0 0.47524304691468405 0.0008207047144773175
16 0.5 1.0 2.2 0.46713850630156867 0.0007636714155951677
16 0.5 1.0 2.4 0.4641449243021288 0.0007685166213577382
16 0.5 1.0 2.6 0.4588350975964119 0.0007599497626577616
16 0.5 1.0 2.8 0.4540061845066261 0.0007421868087380475
16 0.5 1.0 3.0 0.44864418694779684 0.0007303093269892572
16 0.8 0.0 0.01 0.47109048805059117 0.0005776282955719386
16 0.8 0.0 0.05 0.5191511107083561 0.00019787639454074425
16 0.8 0.0 0.1 0.5262347231179737 9.830446769712663e-5
16 0.8 0.0 0.0 0.3857405492586652 0.00015382811097319068
16 0.8 0.0 0.2 0.5278718916485332 8.891801067980511e-5
16 0.8 0.0 0.4 0.5279614924989304 8.863224446874935e-5
16 0.8 0.0 0.6 0.5287177676933678 8.465600108329224e-5
16 0.8 0.0 0.8 0.5297326567328258 8.6249997353035e-5
16 0.8 0.0 1.0 0.5299347146203995 8.369010421934994e-5
16 0.8 0.0 1.2 0.5302392237374824 8.574279135877236e-5
16 0.8 0.0 1.4 0.5301798553187025 8.325184148185056e-5
16 0.8 0.0 1.6 0.5301314688452458 8.271901602227897e-5
16 0.8 0.0 1.8 0.529960418141306 8.547054010197393e-5
16 0.8 0.0 2.0 0.529872317699906 9.361423632704615e-5
16 0.8 0.0 2.2 0.5296710501325649 9.388311265395628e-5
16 0.8 0.0 2.4 0.5295048901388414 0.00010529636615490859
16 0.8 0.0 2.6 0.5294838118116065 0.00012591292972037628
16 0.8 0.0 2.8 0.5293016173920944 0.00013393300155952072
16 0.8 0.0 3.0 0.5292262570766058 0.000131760121503277
16 0.8 0.1 0.01 0.47046109153761084 0.0005706912421303246
16 0.8 0.1 0.05 0.5191706788594168 0.00019849535571094765
16 0.8 0.1 0.1 0.526185863388883 9.920171013277805e-5
16 0.8 0.1 0.2 0.5279761682781023 8.66746568726734e-5
16 0.8 0.1 0.4 0.5279003919369368 8.483973906312855e-5
16 0.8 0.1 0.6 0.5290045126098352 8.70210951341622e-5
16 0.8 0.1 0.8 0.5297072229574589 8.8791526431638e-5
16 0.8 0.1 1.0 0.5300568174582985 8.628851625469844e-5
16 0.8 0.1 1.2 0.5301504554052472 8.680674675381863e-5
16 0.8 0.1 1.4 0.5303439855364692 8.49751617860555e-5
16 0.8 0.1 1.6 0.5304069210559816 8.597510952127736e-5
16 0.8 0.1 1.8 0.5299776038896565 8.558185172344177e-5
16 0.8 0.1 2.0 0.5298516333796257 8.885196476928435e-5
16 0.8 0.1 2.2 0.5296340083114764 9.783501390304655e-5
16 0.8 0.1 2.4 0.529421594755765 0.00010915662985444408
16 0.8 0.1 2.6 0.529607545629535 0.00010424972075325327
16 0.8 0.1 2.8 0.5292033490129636 0.0001261100987097623
16 0.8 0.1 3.0 0.5292798648161553 0.0001297013978091081
16 0.8 0.3 0.01 0.4711384132167368 0.0005663925099734149
16 0.8 0.3 0.05 0.5191871965207555 0.00019464089048358682
16 0.8 0.3 0.1 0.5261346817275855 9.677778439001187e-5
16 0.8 0.3 0.2 0.5277041606688487 9.067288132602782e-5
16 0.8 0.3 0.4 0.5280129559046614 8.780929547707499e-5
16 0.8 0.3 0.6 0.5290733022883878 8.743195598244709e-5
16 0.8 0.3 0.8 0.5299120707738606 8.604507831471496e-5
16 0.8 0.3 1.0 0.5302777551720235 8.744690310156315e-5
16 0.8 0.3 1.2 0.5302374167236493 8.476021849448342e-5
16 0.8 0.3 1.4 0.5302324976432523 8.763679937202207e-5
16 0.8 0.3 1.6 0.5299255481645658 8.559032212719905e-5
16 0.8 0.3 1.8 0.5298166417010173 9.045432737271701e-5
16 0.8 0.3 2.0 0.5294407271241569 9.341895526756573e-5
16 0.8 0.3 2.2 0.5289380463956104 0.00010486090371317082
16 0.8 0.3 2.4 0.5285969698043194 0.00011238725471483744
16 0.8 0.3 2.6 0.5279953553472695 0.00014585865478488255
16 0.8 0.3 2.8 0.5272703255757093 0.00016741299321660765
16 0.8 0.3 3.0 0.5260483002300786 0.00022846262591209513
16 0.8 0.5 0.01 0.47182930312392335 0.0005809080111052114
16 0.8 0.5 0.05 0.5192692241633555 0.00018726184753076956
16 0.8 0.5 0.1 0.5259789098674668 0.00010365527796105902
16 0.8 0.5 0.2 0.5278741368643389 8.758926896315817e-5
16 0.8 0.5 0.4 0.5280652808242854 8.996975643447214e-5
16 0.8 0.5 0.6 0.5292403916964935 8.321044454525675e-5
16 0.8 0.5 0.8 0.5300277921742871 8.579294595815524e-5
16 0.8 0.5 1.0 0.5302571245543601 8.4290406247379e-5
16 0.8 0.5 1.2 0.530269959037532 8.647435980379669e-5
16 0.8 0.5 1.4 0.5298983742486003 8.469639342147986e-5
16 0.8 0.5 1.6 0.5291751763453277 9.292763338942436e-5
16 0.8 0.5 1.8 0.5277203330469581 0.00012771759394314476
16 0.8 0.5 2.0 0.524625154405277 0.00023975444930628357
16 0.8 0.5 2.2 0.5207642320215305 0.00034430805337023346
16 0.8 0.5 2.4 0.5148681228914483 0.0005011636304858162
16 0.8 0.5 2.6 0.5076493370166287 0.000630065386693528
16 0.8 0.5 2.8 0.49916827546618686 0.000739276608235692
16 0.8 0.5 3.0 0.49336673971401307 0.0008163367055422369
16 0.8 0.8 0.01 0.4720937405018326 0.0005674926450064282
16 0.8 0.8 0.05 0.5193505346088952 0.0002002218902881204
16 0.8 0.8 0.1 0.5258065280078387 0.00011309016628421008
16 0.8 0.8 0.2 0.5272427279759921 9.352454051874122e-5
16 0.8 0.8 0.4 0.5275257209228287 9.322035391435032e-5
16 0.8 0.8 0.6 0.5290885150353798 8.432734603113449e-5
16 0.8 0.8 0.8 0.5295472674781565 0.00010523015098523097
16 0.8 0.8 1.0 0.5278045307121937 0.00023045042724501667
16 0.8 0.8 1.2 0.5225363995264629 0.00041200184402401415
16 0.8 0.8 1.4 0.5154625758099445 0.0005708437782913599
16 0.8 0.8 1.6 0.5047736472442705 0.0007060881542228003
16 0.8 0.8 1.8 0.4959619630945938 0.0007684954728694031
16 0.8 0.8 2.0 0.4874573009151128 0.0007993029282326898
16 0.8 0.8 2.2 0.47894444947362536 0.0008184238820809657
16 0.8 0.8 2.4 0.4719226214696214 0.0008201528361277254
16 0.8 0.8 2.6 0.46302372216126225 0.0008311595098369375
16 0.8 0.8 2.8 0.4533094258821684 0.0008192925988942147
16 0.8 0.8 3.0 0.4464554087243936 0.0007902294765283781
16 0.8 1.0 0.01 0.4724243992133456 0.0005941122398588981
16 0.8 1.0 0.05 0.5186560113565033 0.0002238754350458182
16 0.8 1.0 0.1 0.5250087199214364 0.0001513748495628062
16 0.8 1.0 0.2 0.5261103729487442 0.0001554462716320351
16 0.8 1.0 0.4 0.5263769955826858 0.00013987238965112525
16 0.8 1.0 0.6 0.5271617225055752 0.0002338931199323646
16 0.8 1.0 0.8 0.5239735358383648 0.0003960316561655711
16 0.8 1.0 1.0 0.5168786369371837 0.0005697757933827701
16 0.8 1.0 1.2 0.507908929488442 0.0006700537085955675
16 0.8 1.0 1.4 0.4995957481361339 0.0007584802639071772
16 0.8 1.0 1.6 0.4893222322918108 0.0007952070685957316
16 0.8 1.0 1.8 0.4812477058979769 0.0008068416515337861
16 0.8 1.0 2.0 0.47262490662066786 0.0008044242025166669
16 0.8 1.0 2.2 0.46447114288268615 0.0007671438467131373
16 0.8 1.0 2.4 0.4558600746823724 0.0007570867350501593
16 0.8 1.0 2.6 0.44822451883394565 0.0007330352093912097
16 0.8 1.0 2.8 0.44144097291982115 0.0007152861157546024
16 0.8 1.0 3.0 0.43417868090292344 0.0006844512542925749
16 1.0 0.0 0.01 0.4509209413747097 0.0006076802005215031
16 1.0 0.0 0.05 0.5113250699116555 0.00029111468715700874
16 1.0 0.0 0.1 0.5239744817445187 0.00014133004590347227
16 1.0 0.0 0.0 0.3857756706213346 0.00013964638947611764
16 1.0 0.0 0.2 0.5275351581972019 9.159649140178716e-5
16 1.0 0.0 0.4 0.5286771833474881 8.476775773025576e-5
16 1.0 0.0 0.6 0.5292791579672098 8.656466160569406e-5
16 1.0 0.0 0.8 0.5300030836902043 8.421798674201755e-5
16 1.0 0.0 1.0 0.5299477331545241 8.448274599704591e-5
16 1.0 0.0 1.2 0.5301628982115094 8.64947616077557e-5
16 1.0 0.0 1.4 0.5300297455636842 8.744068844982082e-5
16 1.0 0.0 1.6 0.5296894469646154 9.241119672357979e-5
16 1.0 0.0 1.8 0.5291927171408425 9.633716367524184e-5
16 1.0 0.0 2.0 0.5284150639576649 0.00012046015622654507
16 1.0 0.0 2.2 0.5275792432092358 0.00014741540150358835
16 1.0 0.0 2.4 0.5260905412751686 0.00022421401793696024
16 1.0 0.0 2.6 0.524860487538705 0.0003019552016751071
16 1.0 0.0 2.8 0.5239405974940486 0.0003207537217429552
16 1.0 0.0 3.0 0.5232597547188619 0.00039865294145524134
16 1.0 0.1 0.01 0.4519944804990179 0.000592896891311048
16 1.0 0.1 0.05 0.5116162335518823 0.0003138842397615068
16 1.0 0.1 0.1 0.5240839971612223 0.00013481143424940118
16 1.0 0.1 0.2 0.5277410150978356 8.73045119024074e-5
16 1.0 0.1 0.4 0.5286246918586487 8.565318046448784e-5
16 1.0 0.1 0.6 0.5293295559770671 8.40737556712159e-5
16 1.0 0.1 0.8 0.5299006042245638 8.39088622248316e-5
16 1.0 0.1 1.0 0.5299848024829796 8.829900741276902e-5
16 1.0 0.1 1.2 0.530202597273555 8.688212627212326e-5
16 1.0 0.1 1.4 0.5298140155698141 8.962035932265668e-5
16 1.0 0.1 1.6 0.529558551355495 9.565282558205123e-5
16 1.0 0.1 1.8 0.5291389884859082 9.731931107905432e-5
16 1.0 0.1 2.0 0.52848190731494 0.00011912370179763578
16 1.0 0.1 2.2 0.52708082877571 0.0001560467783186553
16 1.0 0.1 2.4 0.5261159771812525 0.00021095227738464868
16 1.0 0.1 2.6 0.5245389850574461 0.00028389657518892764
16 1.0 0.1 2.8 0.5234030177893098 0.0003465058966603849
16 1.0 0.1 3.0 0.5224914712107946 0.0004014949103153934
16 1.0 0.3 0.01 0.4512410651694476 0.0005985519566191687
16 1.0 0.3 0.05 0.5118804319913145 0.00028944066535765105
16 1.0 0.3 0.1 0.5237422825224511 0.00014364878946985724
16 1.0 0.3 0.2 0.5275956822143636 9.211882193563113e-5
16 1.0 0.3 0.4 0.5286181483748009 8.875772585942388e-5
16 1.0 0.3 0.6 0.5294680683547704 8.478615617234284e-5
16 1.0 0.3 0.8 0.5297725717821706 8.528915702736216e-5
16 1.0 0.3 1.0 0.5302596632373692 8.322821886156544e-5
16 1.0 0.3 1.2 0.530069907407917 8.680762924911088e-5
16 1.0 0.3 1.4 0.5296919983411541 8.525655313168404e-5
16 1.0 0.3 1.6 0.5295558384926472 8.835365585072793e-5
16 1.0 0.3 1.8 0.5287504937077337 9.610518077034806e-5
16 1.0 0.3 2.0 0.527433592513065 0.00013549694894671876
16 1.0 0.3 2.2 0.5259515301386476 0.0001682707912300983
16 1.0 0.3 2.4 0.5241865432992445 0.0002627515999086104
16 1.0 0.3 2.6 0.5215146842713446 0.0003489406386072443
16 1.0 0.3 2.8 0.5198830477871255 0.00039823754457892456
16 1.0 0.3 3.0 0.5172473265646076 0.0005103233665247611
16 1.0 0.5 0.01 0.45300372327317867 0.000596595271837613
16 1.0 0.5 0.05 0.5111272107694739 0.00031208423120814856
16 1.0 0.5 0.1 0.5239155703725115 0.00014430462237011678
16 1.0 0.5 0.2 0.5275721157977389 9.268445491238623e-5
16 1.0 0.5 0.4 0.5286233242948696 8.645719253025978e-5
16 1.0 0.5 0.6 0.5294506662640802 8.623267017853723e-5
16 1.0 0.5 0.8 0.5299344907297258 8.799297140496669e-5
16 1.0 0.5 1.0 0.5301099410405374 8.388851300578569e-5
16 1.0 0.5 1.2 0.5300806318377623 8.56457104237113e-5
16 1.0 0.5 1.4 0.5295114993581579 8.720919156775248e-5
16 1.0 0.5 1.6 0.5284518182535053 0.00010032514418390203
16 1.0 0.5 1.8 0.5263472478958658 0.00014752030519843542
16 1.0 0.5 2.0 0.5225527439007344 0.00024258163682650005
16 1.0 0.5 2.2 0.5159539166345722 0.00041300676608786876
16 1.0 0.5 2.4 0.5077658601050559 0.0005843030175443995
16 1.0 0.5 2.6 0.4980688417958591 0.0007085668850135594
16 1.0 0.5 2.8 0.48991491830226475 0.0008027084554839587
16 1.0 0.5 3.0 0.47953426572496033 0.0009230531676300642
16 1.0 0.8 0.01 0.45338266676255956 0.0006003575152515186
16 1.0 0.8 0.05 0.5119781681056016 0.0002962000968695525
16 1.0 0.8 0.1 0.5238277169332677 0.00015097807960384288
16 1.0 0.8 0.2 0.5271037845375333 9.654990820353634e-5
16 1.0 0.8 0.4 0.528171841469041 9.103536145920046e-5
16 1.0 0.8 0.6 0.5292364414726236 8.939808376274179e-5
16 1.0 0.8 0.8 0.5297153296528468 9.462712637156533e-5
16 1.0 0.8 1.0 0.5283588219578425 0.00018653856274166334
16 1.0 0.8 1.2 0.5228594870460639 0.0003893459128303674
16 1.0 0.8 1.4 0.5150386873739796 0.0005581992401237059
16 1.0 0.8 1.6 0.5055684536237669 0.0006779115760716244
16 1.0 0.8 1.8 0.4959908330516519 0.0007435606691433358
16 1.0 0.8 2.0 0.4848339448044438 0.0007983417225309011
16 1.0 0.8 2.2 0.4749018029487926 0.0007983573786407761
16 1.0 0.8 2.4 0.4629147683529399 0.0008099472426689754
16 1.0 0.8 2.6 0.4529920849190912 0.0007999430857757024
16 1.0 0.8 2.8 0.4442707377278824 0.0008067628533894548
16 1.0 0.8 3.0 0.4360422463620671 0.0007479184199687065
16 1.0 1.0 0.01 0.45465058622595667 0.000598394111360532
16 1.0 1.0 0.05 0.5116242065199085 0.0003292265931435915
16 1.0 1.0 0.1 0.5233492711178516 0.00018775282458703186
16 1.0 1.0 0.2 0.5265121400059983 0.0001268710951174212
16 1.0 1.0 0.4 0.5274772858010456 0.00012806913290464556
16 1.0 1.0 0.6 0.5277472397888615 0.00017134892359450124
16 1.0 1.0 0.8 0.5249552087352313 0.0003354673448940349
16 1.0 1.0 1.0 0.5185730162890557 0.0005106125639781495
16 1.0 1.0 1.2 0.509213372658218 0.000661942530684405
16 1.0 1.0 1.4 0.5004154128870862 0.0007390937441020178
16 1.0 1.0 1.6 0.489810026261719 0.0008115806773895824
16 1.0 1.0 1.8 0.48104654552288467 0.0007871180440327104
16 1.0 1.0 2.0 0.4695508737702161 0.0007912657732617589
16 1.0 1.0 2.2 0.4589621868423564 0.0007510070396890173
16 1.0 1.0 2.4 0.4493052243954568 0.0007370038423669287
16 1.0 1.0 2.6 0.4397426444523774 0.0006956375169015677
16 1.0 1.0 2.8 0.4322062010031171 0.0006768419266766806
16 1.0 1.0 3.0 0.4255972895027848 0.0006200508540628484
16 1.3 0.0 0.01 0.43020525782812635 0.0004919622845759245
16 1.3 0.0 0.05 0.49622760752688233 0.000471401041733983
16 1.3 0.0 0.1 0.5179790762049532 0.00024201996996886432
16 1.3 0.0 0.0 0.3857923663965669 0.00014664316627495126
16 1.3 0.0 0.2 0.5264090141671441 0.000106268099578023
16 1.3 0.0 0.4 0.5288157871269973 8.6762994895658e-5
16 1.3 0.0 0.6 0.5293977774296735 8.859180311156329e-5
16 1.3 0.0 0.8 0.5297725446259203 8.439464114733302e-5
16 1.3 0.0 1.0 0.529684717158472 9.366984840642641e-5
16 1.3 0.0 1.2 0.5296254003895294 9.159477036205613e-5
16 1.3 0.0 1.4 0.5288028768957855 0.00011730599824157202
16 1.3 0.0 1.6 0.5278443924665086 0.00013436977493206105
16 1.3 0.0 1.8 0.5257241012467765 0.0001945271749719041
16 1.3 0.0 2.0 0.5229382854089077 0.00026592603366388124
16 1.3 0.0 2.2 0.5185789914910042 0.0003882958380956644
16 1.3 0.0 2.4 0.5114974376297795 0.0005483052101747418
16 1.3 0.0 2.6 0.5060975103667898 0.0007172686256436745
16 1.3 0.0 2.8 0.503588953146732 0.0007765852130582213
16 1.3 0.0 3.0 0.49710951404607157 0.00087822889600034
16 1.3 0.1 0.01 0.4303205490184864 0.0005073421689339749
16 1.3 0.1 0.05 0.49592620619558914 0.0004935838100638037
16 1.3 0.1 0.1 0.5177355501725883 0.00023704918557771118
16 1.3 0.1 0.2 0.5266410468448701 0.00010456061138940174
16 1.3 0.1 0.4 0.5287368373626828 8.574707078823636e-5
16 1.3 0.1 0.6 0.5297183697562658 8.694115955280179e-5
16 1.3 0.1 0.8 0.5297625857204076 8.854839471665829e-5
16 1.3 0.1 1.0 0.529770994407625 8.862623231088227e-5
16 1.3 0.1 1.2 0.5294341454550884 9.91396479563537e-5
16 1.3 0.1 1.4 0.5290250514235706 0.00010119095583907443
16 1.3 0.1 1.6 0.5279303695957148 0.0001212076359937067
16 1.3 0.1 1.8 0.5260939879054302 0.00019374475276879742
16 1.3 0.1 2.0 0.5226637898816017 0.00026901641118953437
16 1.3 0.1 2.2 0.517852081732861 0.00040229687947353394
16 1.3 0.1 2.4 0.5132455004550341 0.0005313011058057511
16 1.3 0.1 2.6 0.5075660063244463 0.0006523110539066845
16 1.3 0.1 2.8 0.5032730525266713 0.0007766257085980344
16 1.3 0.1 3.0 0.49943510632457544 0.0008983753770824297
16 1.3 0.3 0.01 0.43014443850824546 0.0005092027728013682
16 1.3 0.3 0.05 0.4956285420633185 0.00048299466290700163
16 1.3 0.3 0.1 0.5181807692947437 0.00024224949757314452
16 1.3 0.3 0.2 0.5261279831592139 0.00011687897386578367
16 1.3 0.3 0.4 0.5286972553487688 9.006170382614749e-5
16 1.3 0.3 0.6 0.5293391807131756 8.650881766637809e-5
16 1.3 0.3 0.8 0.5297336346719992 8.852449119707583e-5
16 1.3 0.3 1.0 0.5299278745571698 8.743327428074985e-5
16 1.3 0.3 1.2 0.5294090368171406 9.58296619388821e-5
16 1.3 0.3 1.4 0.5288787847766503 0.00010299936746771059
16 1.3 0.3 1.6 0.5275292973637528 0.00013602134736545853
16 1.3 0.3 1.8 0.5251894432005798 0.00020414912210246945
16 1.3 0.3 2.0 0.5219552111906958 0.00028976791717963055
16 1.3 0.3 2.2 0.5159934549554238 0.0004106563132499408
16 1.3 0.3 2.4 0.5095245726202794 0.0005639181918295068
16 1.3 0.3 2.6 0.500942583396296 0.0007228902265678607
16 1.3 0.3 2.8 0.49438990101481045 0.000854960683890329
16 1.3 0.3 3.0 0.4908837109754107 0.0008985085099300544
16 1.3 0.5 0.01 0.43072327245556 0.0005111881889925836
16 1.3 0.5 0.05 0.4969176126526283 0.00048386312180487837
16 1.3 0.5 0.1 0.5179701743697233 0.00025331057803615114
16 1.3 0.5 0.2 0.5265890229940604 0.00010556285882948903
16 1.3 0.5 0.4 0.5286038810028134 9.01765195489216e-5
16 1.3 0.5 0.6 0.5294700901008123 8.899520896926001e-5
16 1.3 0.5 0.8 0.5297561374239144 8.735700537204772e-5
16 1.3 0.5 1.0 0.5298004272960694 8.539561543000362e-5
16 1.3 0.5 1.2 0.529080289945148 0.00011826270744656596
16 1.3 0.5 1.4 0.5284526379344092 0.00010423125278061672
16 1.3 0.5 1.6 0.5263929850274538 0.0001501411999496433
16 1.3 0.5 1.8 0.5218811433334849 0.0002366591201153974
16 1.3 0.5 2.0 0.5150418494259035 0.00038393266690201725
16 1.3 0.5 2.2 0.5031647374621854 0.0005807317096905004
16 1.3 0.5 2.4 0.49051798352375203 0.0007241419765319863
16 1.3 0.5 2.6 0.480934263348101 0.0008409797177412034
16 1.3 0.5 2.8 0.4670920198584926 0.0009273892666156713
16 1.3 0.5 3.0 0.4555637871965172 0.0009124610936517274
16 1.3 0.8 0.01 0.4315271233821987 0.0005329721917036486
16 1.3 0.8 0.05 0.49722085363810087 0.00046704280931265805
16 1.3 0.8 0.1 0.5183553870536234 0.00024166030881943033
16 1.3 0.8 0.2 0.5260110046531112 0.00011722296434746757
16 1.3 0.8 0.4 0.528464919841902 9.168853350395886e-5
16 1.3 0.8 0.6 0.5292802774178172 8.929795927138156e-5
16 1.3 0.8 0.8 0.5295718249648702 9.179268231596342e-5
16 1.3 0.8 1.0 0.5285817963407753 0.00014469585205197438
16 1.3 0.8 1.2 0.5244580974515385 0.0003134616094483146
16 1.3 0.8 1.4 0.5168848018730963 0.0005046395785763745
16 1.3 0.8 1.6 0.5061874729716265 0.0006313827474178792
16 1.3 0.8 1.8 0.4922739473575487 0.0007325709500729021
16 1.3 0.8 2.0 0.4791266563361158 0.0007887052266480883
16 1.3 0.8 2.2 0.4638888727337508 0.0008201895104178329
16 1.3 0.8 2.4 0.45021315733249945 0.0007636739133957945
16 1.3 0.8 2.6 0.4390936398004962 0.0007376933602512021
16 1.3 0.8 2.8 0.4302916302263428 0.0006905632792834812
16 1.3 0.8 3.0 0.4207264973254568 0.0006138194107943642
16 1.3 1.0 0.01 0.4327369429690779 0.0005190203349372045
16 1.3 1.0 0.05 0.4975184001891001 0.0005064781487786288
16 1.3 1.0 0.1 0.5182718650205058 0.00028231106284045413
16 1.3 1.0 0.2 0.5253812252403567 0.00016250695112590637
16 1.3 1.0 0.4 0.5278425737534632 0.00013328264690160398
16 1.3 1.0 0.6 0.527821607296141 0.000207692752853497
16 1.3 1.0 0.8 0.5253647360917608 0.000326325379778326
16 1.3 1.0 1.0 0.5196365935408229 0.00047694149364417907
16 1.3 1.0 1.2 0.511386688034858 0.0006283993870188125
16 1.3 1.0 1.4 0.501209867891394 0.0007362229268515342
16 1.3 1.0 1.6 0.48809019656666863 0.0008061442382401743
16 1.3 1.0 1.8 0.4760154891943 0.0007903228176722628
16 1.3 1.0 2.0 0.4625858725092987 0.000784973486403165
16 1.3 1.0 2.2 0.4491830389617598 0.000734269182490887
16 1.3 1.0 2.4 0.4367600662628889 0.0006852208741245904
16 1.3 1.0 2.6 0.42748322769740915 0.0005974659005113355
16 1.3 1.0 2.8 0.41945613209140475 0.0005299136161991776
16 1.3 1.0 3.0 0.41369114010011326 0.0004912702069127506
16 1.5 0.0 0.01 0.42043086726219653 0.0004236699923074296
16 1.5 0.0 0.05 0.4849176422546195 0.0005796923813185126
16 1.5 0.0 0.1 0.5117610265326278 0.00035422250359982445
16 1.5 0.0 0.0 0.38591517536770487 0.00013505095827663567
16 1.5 0.0 0.2 0.5249969544581142 0.0001321172860794242
16 1.5 0.0 0.4 0.5282704253672117 9.877809524739182e-5
16 1.5 0.0 0.6 0.5292497143757523 0.0001038283229800004
16 1.5 0.0 0.8 0.5294996011713566 9.24143670508697e-5
16 1.5 0.0 1.0 0.5291891720877412 0.00010150635651368435
16 1.5 0.0 1.2 0.5287281515628108 0.00011205089784226977
16 1.5 0.0 1.4 0.5274258145069526 0.0001578994208125577
16 1.5 0.0 1.6 0.5253394632620266 0.00021821353243017607
16 1.5 0.0 1.8 0.5211829408643138 0.0003171556891127398
16 1.5 0.0 2.0 0.5156823343559326 0.0004269057862688676
16 1.5 0.0 2.2 0.5075295243895127 0.0006066149610091031
16 1.5 0.0 2.4 0.4976528534039952 0.0007983892182381266
16 1.5 0.0 2.6 0.4908701880239298 0.0008759725387095707
16 1.5 0.0 2.8 0.48402216589523245 0.0009530335710236908
16 1.5 0.0 3.0 0.4780469940146035 0.0010681243619828933
16 1.5 0.1 0.01 0.42144348216282074 0.0004284043404587049
16 1.5 0.1 0.05 0.48511421599445936 0.0005943906696733395
16 1.5 0.1 0.1 0.5127662054748433 0.00032092416059228507
16 1.5 0.1 0.2 0.5249488852162237 0.00012540639908772784
16 1.5 0.1 0.4 0.5283188483359026 9.413032745268759e-5
16 1.5 0.1 0.6 0.5293117838580047 8.908604108712617e-5
16 1.5 0.1 0.8 0.5294116024983783 0.00010020754542804916
16 1.5 0.1 1.0 0.5292047562383964 0.00011008890974838159
16 1.5 0.1 1.2 0.5287437317302338 0.0001238542091344321
16 1.5 0.1 1.4 0.5269999170792546 0.00018378358161741083
16 1.5 0.1 1.6 0.5252481997334122 0.00021675160406533657
16 1.5 0.1 1.8 0.5216688909224176 0.0002913454231914638
16 1.5 0.1 2.0 0.5156186901015262 0.00042331084563058057
16 1.5 0.1 2.2 0.5071047898704141 0.0006087711596136604
16 1.5 0.1 2.4 0.49898591351429905 0.0007495944372732412
16 1.5 0.1 2.6 0.4882273460111199 0.0009112303820733136
16 1.5 0.1 2.8 0.4818724100828779 0.000984628032773194
16 1.5 0.1 3.0 0.47584265102182144 0.0011004038111292569
16 1.5 0.3 0.01 0.4218436428313037 0.00045867939824682737
16 1.5 0.3 0.05 0.4854817113309914 0.0005543728327620848
16 1.5 0.3 0.1 0.5125663977712823 0.0003237638262578338
16 1.5 0.3 0.2 0.524973787900057 0.00013054832287493038
16 1.5 0.3 0.4 0.528191326628097 9.384389860222211e-5
16 1.5 0.3 0.6 0.5293897441262077 9.373329721739461e-5
16 1.5 0.3 0.8 0.5292810095808832 9.791959609187123e-5
16 1.5 0.3 1.0 0.5291838615362044 0.00010505182155600338
16 1.5 0.3 1.2 0.5286105466843035 0.00013177523468131916
16 1.5 0.3 1.4 0.5271898713770562 0.00016045438052537828
16 1.5 0.3 1.6 0.52522715975344 0.00019116387108704
16 1.5 0.3 1.8 0.5203581191125652 0.00030612166258288604
16 1.5 0.3 2.0 0.5141745326831483 0.0004453693768327188
16 1.5 0.3 2.2 0.5055583176162024 0.0005858307053110026
16 1.5 0.3 2.4 0.4942819306180251 0.000752476402430479
16 1.5 0.3 2.6 0.4836930922086467 0.0008898448728130421
16 1.5 0.3 2.8 0.4752347262726713 0.0009974030460947671
16 1.5 0.3 3.0 0.4687419121013015 0.0010458319402762801
16 1.5 0.5 0.01 0.4217277131574852 0.0004510485597175096
16 1.5 0.5 0.05 0.48599485902968326 0.000542233453034073
16 1.5 0.5 0.1 0.512771071073201 0.0003170990267781979
16 1.5 0.5 0.2 0.5248129631738827 0.00013205487237161618
16 1.5 0.5 0.4 0.5284131511571816 9.827107810556207e-5
16 1.5 0.5 0.6 0.5292338182142442 8.953298153250459e-5
16 1.5 0.5 0.8 0.5293752749770555 0.00010110170012449532
16 1.5 0.5 1.0 0.5290509621500976 9.896386292726978e-5
16 1.5 0.5 1.2 0.5283546736037739 0.00012420490069069292
16 1.5 0.5 1.4 0.5269153164303861 0.00015544228748686411
16 1.5 0.5 1.6 0.5233453589846705 0.00023793769669260532
16 1.5 0.5 1.8 0.5174975580512386 0.00032514083288480856
16 1.5 0.5 2.0 0.5068687645005817 0.0004951931911324825
16 1.5 0.5 2.2 0.49294549860576964 0.0006876819372550868
16 1.5 0.5 2.4 0.47687797392017767 0.0007936581895150158
16 1.5 0.5 2.6 0.4631044901256071 0.0008615797607195159
16 1.5 0.5 2.8 0.44963101386210896 0.0008365350651958015
16 1.5 0.5 3.0 0.44101786827148654 0.0008480704018584607
16 1.5 0.8 0.01 0.4231841572289866 0.0004604737868633532
16 1.5 0.8 0.05 0.4874159832279022 0.0005728994899495382
16 1.5 0.8 0.1 0.5128016412235549 0.00034409507334412677
16 1.5 0.8 0.2 0.5248531711600917 0.0001384078374272353
16 1.5 0.8 0.4 0.528163394271429 9.890980238418894e-5
16 1.5 0.8 0.6 0.5290925728153804 0.00010218601895075447
16 1.5 0.8 0.8 0.5290411680800495 0.0001021241390893452
16 1.5 0.8 1.0 0.5280779685306858 0.00014833678779088057
16 1.5 0.8 1.2 0.5241506288985128 0.0002999359718366733
16 1.5 0.8 1.4 0.5165771080555738 0.00046093142739776565
16 1.5 0.8 1.6 0.5031914350933065 0.0006435980746328903
16 1.5 0.8 1.8 0.4872220869612458 0.0007388742455871496
16 1.5 0.8 2.0 0.4709892145205426 0.0007855840641539259
16 1.5 0.8 2.2 0.4551934157422418 0.0007649189722491506
16 1.5 0.8 2.4 0.44093515396764865 0.0007407099873589399
16 1.5 0.8 2.6 0.43099696755395883 0.0007104321276365787
16 1.5 0.8 2.8 0.4222272984767864 0.000637741559406327
16 1.5 0.8 3.0 0.41507449155615034 0.0005517617991597916
16 1.5 1.0 0.01 0.42350815087865384 0.0004582726974892496
16 1.5 1.0 0.05 0.4884655524810874 0.0005602920319495797
16 1.5 1.0 0.1 0.5137742956003756 0.0003428683802334792
16 1.5 1.0 0.2 0.5242697967692264 0.00018169447801720244
16 1.5 1.0 0.4 0.5276944099249637 0.00011288361017996496
16 1.5 1.0 0.6 0.5280157128192885 0.00018988592686272496
16 1.5 1.0 0.8 0.525690741272677 0.00030707120309053757
16 1.5 1.0 1.0 0.5202314727379738 0.00044847978410946285
16 1.5 1.0 1.2 0.5124146469749237 0.0005890913317834404
16 1.5 1.0 1.4 0.4975488265823431 0.0007339557553133149
16 1.5 1.0 1.6 0.48671218740601147 0.0007975017409380585
16 1.5 1.0 1.8 0.4730580688741506 0.0007904737450320702
16 1.5 1.0 2.0 0.45501366088396394 0.0007516075145868194
16 1.5 1.0 2.2 0.4412664864399891 0.0006828111690182628
16 1.5 1.0 2.4 0.42944473647372094 0.0006345906474184423
16 1.5 1.0 2.6 0.4199402788183297 0.0005241631395243492
16 1.5 1.0 2.8 0.4134497609938097 0.0005035644726347507
16 1.5 1.0 3.0 0.4078815113344347 0.0004043107295733854
16 2.0 0.0 0.01 0.4078769075147556 0.0002906102389074664
16 2.0 0.0 0.05 0.459432753640942 0.000605627515092699
16 2.0 0.0 0.1 0.49362103942745383 0.0005550817896874237
16 2.0 0.0 0.0 0.38596668559933955 0.00012734647339375293
16 2.0 0.0 0.2 0.5185327864370497 0.00027023416806620733
16 2.0 0.0 0.4 0.5259623566589324 0.00017249373801996935
16 2.0 0.0 0.6 0.5271438817790858 0.00014893856197320483
16 2.0 0.0 0.8 0.5271655290446047 0.00017774204776584303
16 2.0 0.0 1.0 0.5254402024387415 0.0002481944942770184
16 2.0 0.0 1.2 0.523145250160528 0.00029143294815512467
16 2.0 0.0 1.4 0.5183038267642647 0.0003998479127206891
16 2.0 0.0 1.6 0.5112427392779261 0.0005074853712187168
16 2.0 0.0 1.8 0.5012743089988202 0.0006500132635028369
16 2.0 0.0 2.0 0.4876922823303936 0.0007710817592729041
16 2.0 0.0 2.2 0.47398579167420696 0.0008772087306834342
16 2.0 0.0 2.4 0.46000966603808385 0.0009421368590807696
16 2.0 0.0 2.6 0.4488998162893312 0.0009501246880561538
16 2.0 0.0 2.8 0.4408853994375552 0.0010011073828779704
16 2.0 0.0 3.0 0.43225227026798346 0.0009160064696497845
16 2.0 0.1 0.01 0.40756693043546555 0.0003032263770816402
16 2.0 0.1 0.05 0.4588281737682438 0.0006330697799492095
16 2.0 0.1 0.1 0.4948885205804085 0.0005283265663619825
16 2.0 0.1 0.2 0.5182801980682542 0.00027685306600716065
16 2.0 0.1 0.4 0.5259703310514731 0.00017602641739054855
16 2.0 0.1 0.6 0.5273242251371942 0.00014654303401658052
16 2.0 0.1 0.8 0.5269009681209017 0.0001899019663858253
16 2.0 0.1 1.0 0.5255811156019325 0.0002410217114053392
16 2.0 0.1 1.2 0.5228339327327641 0.00030316361111472047
16 2.0 0.1 1.4 0.5187040058596492 0.00040042389611505706
16 2.0 0.1 1.6 0.5113020599674458 0.0005344863259752582
16 2.0 0.1 1.8 0.5005096608964076 0.0006695663934655371
16 2.0 0.1 2.0 0.4872368199462534 0.0007686516630151547
16 2.0 0.1 2.2 0.4720588654482694 0.0008819420263077613
16 2.0 0.1 2.4 0.4582559632438213 0.0009132589759896625
16 2.0 0.1 2.6 0.4478519959961354 0.0009375364094127199
16 2.0 0.1 2.8 0.44166613344779 0.0009748360107868678
16 2.0 0.1 3.0 0.43297262143723336 0.0008887568681392415
16 2.0 0.3 0.01 0.40783725827389405 0.00029852991168667967
16 2.0 0.3 0.05 0.45856838264517497 0.0006131501810331279
16 2.0 0.3 0.1 0.4952156440519303 0.0005293353375130803
16 2.0 0.3 0.2 0.518948478002764 0.000257155253347865
16 2.0 0.3 0.4 0.5263434009228588 0.00015480554822392643
16 2.0 0.3 0.6 0.5271276846403657 0.00015573695452122545
16 2.0 0.3 0.8 0.5267052938664956 0.00019713978385686593
16 2.0 0.3 1.0 0.5256965284714117 0.00022515397628458973
16 2.0 0.3 1.2 0.5232698815002084 0.0002868224934268778
16 2.0 0.3 1.4 0.5189786900425919 0.00039278368844781634
16 2.0 0.3 1.6 0.511410280827353 0.0005212231391325462
16 2.0 0.3 1.8 0.5007142685794321 0.0006454221289857422
16 2.0 0.3 2.0 0.4854817054986824 0.0008163285232065517
16 2.0 0.3 2.2 0.47103234749100537 0.0008485817615667767
16 2.0 0.3 2.4 0.45591978514665016 0.0008785006999056757
16 2.0 0.3 2.6 0.4442848162088042 0.0009081912453221977
16 2.0 0.3 2.8 0.43541505396757435 0.0008678623322718227
16 2.0 0.3 3.0 0.42867233640104774 0.0008262546095256727
16 2.0 0.5 0.01 0.40769772676190325 0.00029183866959837506
16 2.0 0.5 0.05 0.4594343875575851 0.0006307118348619263
16 2.0 0.5 0.1 0.4949148708504541 0.000527383141844414
16 2.0 0.5 0.2 0.5189076377919453 0.000271705740466261
16 2.0 0.5 0.4 0.526068603138582 0.00016326672231308688
16 2.0 0.5 0.6 0.5275211505966995 0.00016314090308549434
16 2.0 0.5 0.8 0.5265754485744809 0.0002053876139732254
16 2.0 0.5 1.0 0.525918321806625 0.00022049753656604135
16 2.0 0.5 1.2 0.5233017309779734 0.0002749007425394401
16 2.0 0.5 1.4 0.5181040260143651 0.00039024013191374005
16 2.0 0.5 1.6 0.5099092307617973 0.0004978627022972489
16 2.0 0.5 1.8 0.495890494070508 0.0006678350446399893
16 2.0 0.5 2.0 0.47815413939353113 0.0007955400583054495
16 2.0 0.5 2.2 0.4592299445420363 0.0007865845597430334
16 2.0 0.5 2.4 0.4460917126448249 0.0007711317221456136
16 2.0 0.5 2.6 0.43270001220618837 0.0007246488932138635
16 2.0 0.5 2.8 0.4248440065901695 0.0006872024637982134
16 2.0 0.5 3.0 0.4160709042654921 0.0005774463605257998
16 2.0 0.8 0.01 0.40917609354948037 0.000316297062365679
16 2.0 0.8 0.05 0.4608491514920373 0.0006302972716438364
16 2.0 0.8 0.1 0.4964282404387952 0.0005427266400157421
16 2.0 0.8 0.2 0.5187675286141608 0.0002727085738546952
16 2.0 0.8 0.4 0.5261421325901449 0.00015701413444551153
16 2.0 0.8 0.6 0.5274788024870499 0.00015210088611450183
16 2.0 0.8 0.8 0.5269279944700539 0.00017954858407113818
16 2.0 0.8 1.0 0.5250619888931142 0.00022692404945494314
16 2.0 0.8 1.2 0.5205336833392894 0.0003179214007345068
16 2.0 0.8 1.4 0.5086492577639361 0.000559062897174364
16 2.0 0.8 1.6 0.4912973533108347 0.0006893658397491361
16 2.0 0.8 1.8 0.47264092071051095 0.0007658826513126769
16 2.0 0.8 2.0 0.45248345029648146 0.0007518901331843226
16 2.0 0.8 2.2 0.4354829396350436 0.0007066717388774926
16 2.0 0.8 2.4 0.42242098973479236 0.0005667779326468023
16 2.0 0.8 2.6 0.41365730092737885 0.00048221147249260794
16 2.0 0.8 2.8 0.40734628552036595 0.00038953860996389405
16 2.0 0.8 3.0 0.4032730773115391 0.0003510805775124824
16 2.0 1.0 0.01 0.40943941277138185 0.00031235092079765896
16 2.0 1.0 0.05 0.4630513737872952 0.0006505905533816957
16 2.0 1.0 0.1 0.49804765264279544 0.0005517263682666469
16 2.0 1.0 0.2 0.5199519596224131 0.0002616677946478255
16 2.0 1.0 0.4 0.5260040053636815 0.0001729260717440573
16 2.0 1.0 0.6 0.5266151075693083 0.00018800789453878413
16 2.0 1.0 0.8 0.5243607164461936 0.0003079909981595675
16 2.0 1.0 1.0 0.5184584591454617 0.0004443193160057089
16 2.0 1.0 1.2 0.5069681464534119 0.0006215828233176939
16 2.0 1.0 1.4 0.4913791427791284 0.0007629388608734682
16 2.0 1.0 1.6 0.4745067173647249 0.0008181851774913567
16 2.0 1.0 1.8 0.45576618434677385 0.000791889371646463
16 2.0 1.0 2.0 0.4399180366863545 0.0006824237512794319
16 2.0 1.0 2.2 0.42547054923386496 0.0005660407369156243
16 2.0 1.0 2.4 0.41465463850914736 0.00045276889414347187
16 2.0 1.0 2.6 0.40809266533259053 0.000375883091736604
16 2.0 1.0 2.8 0.40309084192809624 0.0003140201662304731
16 2.0 1.0 3.0 0.3998729026159002 0.0002721372808946401
16 4.0 0.0 0.01 0.39367257043542303 0.00011964596927808437
16 4.0 0.0 0.05 0.41155170516528505 0.00030842857772358877
16 4.0 0.0 0.1 0.4326745867745186 0.0005423402048134326
16 4.0 0.0 0.0 0.38630607485511187 0.0001046015186970122
16 4.0 0.0 0.2 0.46428723588500975 0.0007253400307233339
16 4.0 0.0 0.4 0.48465525363866313 0.0007673060035433846
16 4.0 0.0 0.6 0.48382936009545935 0.0007805789145568353
16 4.0 0.0 0.8 0.4773481820870116 0.0008211415928799413
16 4.0 0.0 1.0 0.4680178265649687 0.0008414745244921502
16 4.0 0.0 1.2 0.4549406529110818 0.000843314101553077
16 4.0 0.0 1.4 0.44213167982453366 0.0008013712008553013
16 4.0 0.0 1.6 0.4313615127514441 0.0007198011751571456
16 4.0 0.0 1.8 0.4198794019478843 0.0005765773091345011
16 4.0 0.0 2.0 0.41157667374832074 0.0005021514874225928
16 4.0 0.0 2.2 0.4050465222174447 0.0003678927464377534
16 4.0 0.0 2.4 0.40072717109412437 0.0002904200343759266
16 4.0 0.0 2.6 0.39761300906178415 0.0002666918597846261
16 4.0 0.0 2.8 0.3950512260326295 0.00021320449406434335
16 4.0 0.0 3.0 0.3932714204339193 0.00017293741077209498
16 4.0 0.1 0.01 0.3938272900085401 0.00012206537078653596
16 4.0 0.1 0.05 0.41121040079143933 0.0002876956923026745
16 4.0 0.1 0.1 0.4326800315014266 0.0005210864653818294
16 4.0 0.1 0.2 0.46353218296263293 0.0007002683504819442
16 4.0 0.1 0.4 0.48404565058295274 0.0007519076862691902
16 4.0 0.1 0.6 0.48614178273750264 0.0007631157626390367
16 4.0 0.1 0.8 0.47842507911914495 0.0008322485280716261
16 4.0 0.1 1.0 0.4694615666468035 0.0008487039197406391
16 4.0 0.1 1.2 0.45658849883061664 0.0008739937588478572
16 4.0 0.1 1.4 0.4423774915438622 0.000786735684468929
16 4.0 0.1 1.6 0.4307802744635244 0.0006987197353502474
16 4.0 0.1 1.8 0.4192902631421356 0.0005815519663413507
16 4.0 0.1 2.0 0.41155103899749856 0.00046671736024615735
16 4.0 0.1 2.2 0.4054925042841167 0.0003800624835541411
16 4.0 0.1 2.4 0.400543509448859 0.0003157957989437641
16 4.0 0.1 2.6 0.39682545437870814 0.00022379236298075643
16 4.0 0.1 2.8 0.3950714311858063 0.00021935498622306098
16 4.0 0.1 3.0 0.3931739637905004 0.00017695125919630448
16 4.0 0.3 0.01 0.3939400507086525 0.00012423144706561528
16 4.0 0.3 0.05 0.41120996234400153 0.000306631277391994
16 4.0 0.3 0.1 0.43303329803616003 0.0005430996838119218
16 4.0 0.3 0.2 0.46341818936919155 0.0007183953046655566
16 4.0 0.3 0.4 0.4848058377037267 0.0007442605342867418
16 4.0 0.3 0.6 0.48483587826621705 0.0008046520622076924
16 4.0 0.3 0.8 0.47950643679112304 0.000817689588626327
16 4.0 0.3 1.0 0.46926155001232545 0.0008668850728322143
16 4.0 0.3 1.2 0.45814243818259565 0.0008825505893954422
16 4.0 0.3 1.4 0.4443712963552357 0.000779783558248715
16 4.0 0.3 1.6 0.4317605174582658 0.0007639604812524221
16 4.0 0.3 1.8 0.41982902094512764 0.0005801115793741161
16 4.0 0.3 2.0 0.4117420365011465 0.00045858391017686626
16 4.0 0.3 2.2 0.40493993582907317 0.0003816264769361733
16 4.0 0.3 2.4 0.40031296147185064 0.0003113265793280633
16 4.0 0.3 2.6 0.3972104129563914 0.00024407372225839188
16 4.0 0.3 2.8 0.39470821399978967 0.00019303486996414594
16 4.0 0.3 3.0 0.39310257767056817 0.00019972019065322446
16 4.0 0.5 0.01 0.39381676143358474 0.00011705735709077823
16 4.0 0.5 0.05 0.41194380206666115 0.00031158992389086076
16 4.0 0.5 0.1 0.43428295298812397 0.000576803799663003
16 4.0 0.5 0.2 0.4652500724703308 0.0007315318437620924
16 4.0 0.5 0.4 0.4855305482312611 0.0007539396417041641
16 4.0 0.5 0.6 0.4849041660865366 0.0007852427519293747
16 4.0 0.5 0.8 0.4798781809819453 0.0008092080713646797
16 4.0 0.5 1.0 0.470864669956841 0.0008656330070012036
16 4.0 0.5 1.2 0.4572611595096854 0.0008482719448149924
16 4.0 0.5 1.4 0.44477521698112926 0.0007949930198018758
16 4.0 0.5 1.6 0.4326988410434602 0.0007168167125047822
16 4.0 0.5 1.8 0.4196163919871094 0.0005695127166105495
16 4.0 0.5 2.0 0.410747427060945 0.00043959457211935674
16 4.0 0.5 2.2 0.4037835324027196 0.0002985331791957183
16 4.0 0.5 2.4 0.39898299815030785 0.00024080470605352612
16 4.0 0.5 2.6 0.3962682350573892 0.00020627948154390362
16 4.0 0.5 2.8 0.3937718249161764 0.00015420500531807135
16 4.0 0.5 3.0 0.3921334751939907 0.00013901856904615872
16 4.0 0.8 0.01 0.39401789090413997 0.00012833499451412507
16 4.0 0.8 0.05 0.4123538201739749 0.00032772757974786906
16 4.0 0.8 0.1 0.436410492450252 0.0005892179569250263
16 4.0 0.8 0.2 0.4670585057517024 0.0007171143228623846
16 4.0 0.8 0.4 0.4874103500637961 0.000749395009126286
16 4.0 0.8 0.6 0.48825683005812004 0.0007696617998194374
16 4.0 0.8 0.8 0.48181176379660645 0.00081830411224179
16 4.0 0.8 1.0 0.47343939468021534 0.0008573975671329825
16 4.0 0.8 1.2 0.4597592352170687 0.0008631346386539006
16 4.0 0.8 1.4 0.4466598670753345 0.0008061771849464294
16 4.0 0.8 1.6 0.4274719435452944 0.0006064222358712107
16 4.0 0.8 1.8 0.4159336488237291 0.00048325262619207973
16 4.0 0.8 2.0 0.40635763386825907 0.00036077253758391427
16 4.0 0.8 2.2 0.4000585876012544 0.00023556311527032675
16 4.0 0.8 2.4 0.39637085698125235 0.00018635200915631254
16 4.0 0.8 2.6 0.3938081116174944 0.00014779476660023243
16 4.0 0.8 2.8 0.39213029201825045 0.0001238972881973659
16 4.0 0.8 3.0 0.3909664810159191 0.00011766423811782204
16 4.0 1.0 0.01 0.39433847068925537 0.0001245239435325611
16 4.0 1.0 0.05 0.4133826275800548 0.00032864574800068686
16 4.0 1.0 0.1 0.43705472423044994 0.0005678540043236283
16 4.0 1.0 0.2 0.4701766377175288 0.0007546410140727299
16 4.0 1.0 0.4 0.4907724974535228 0.0007435687779675582
16 4.0 1.0 0.6 0.49196519599874533 0.0007633777158667343
16 4.0 1.0 0.8 0.48265528898991356 0.0008279750265851151
16 4.0 1.0 1.0 0.47213588537908413 0.000857569906441058
16 4.0 1.0 1.2 0.4551359192138825 0.0008319121471281629
16 4.0 1.0 1.4 0.43760864054865095 0.0007377391821085099
16 4.0 1.0 1.6 0.4226537884314731 0.0005682207508406472
16 4.0 1.0 1.8 0.4108105099366177 0.0004041210635279112
16 4.0 1.0 2.0 0.4032270935614602 0.00030422490778053853
16 4.0 1.0 2.2 0.3983686671481434 0.00021300748230867957
16 4.0 1.0 2.4 0.3949954463875499 0.00016741993068954234
16 4.0 1.0 2.6 0.3932232979539501 0.00013086957183974066
16 4.0 1.0 2.8 0.39171799512706 0.00012077784983324803
16 4.0 1.0 3.0 0.39065432105394 0.00011120616852775399
14 0.0 0.0 0.0 1.3379869602831183e-15 0.0
14 0.0 0.0 0.2 0.4454529229043217 0.0
14 0.0 0.0 0.4 0.4117565483202067 0.0
14 0.0 0.0 0.6 0.39419000779985364 0.0
14 0.0 0.0 0.8 0.42835147791103284 0.0
14 0.0 0.0 1.0 0.4338339945730519 0.0
14 0.0 0.0 1.2 0.37564834018887205 0.0
14 0.0 0.0 1.4 0.45367485578613315 0.0
14 0.0 0.0 1.6 0.4361542773888853 0.0
14 0.0 0.0 1.8 0.38399452990299343 0.0
14 0.0 0.0 2.0 1.2085274881878291e-14 0.0
14 0.0 0.0 2.2 0.3437105021348159 0.0
14 0.0 0.0 2.4 0.38997477500924377 0.0
14 0.0 0.0 2.6 0.37120929195731023 0.0
14 0.0 0.0 2.8 0.37209654200851966 0.0
14 0.0 0.0 3.0 0.3783172943145734 0.0
14 0.0 0.1 0.0 1.3379869602831183e-15 0.0
14 0.0 0.1 0.2 0.4335163167706892 0.0006803401800353267
14 0.0 0.1 0.4 0.43030937701271293 0.0004226894344623183
14 0.0 0.1 0.6 0.42179662795537465 0.00025526974699771236
14 0.0 0.1 0.8 0.4142583434123772 0.00019637506288376023
14 0.0 0.1 1.0 0.4107081351454208 0.00018951403388195445
14 0.0 0.1 1.2 0.40671222255851325 0.00018609753523241612
14 0.0 0.1 1.4 0.4064808281425765 0.00017158442968884832
14 0.0 0.1 1.6 0.40466304614142984 0.00018661954835547795
14 0.0 0.1 1.8 0.40427370887078523 0.00017807193742624692
14 0.0 0.1 2.0 0.3968664059499205 0.00018903310781577355
14 0.0 0.1 2.2 0.40136667624121225 0.00017419618967728643
14 0.0 0.1 2.4 0.4009448484072076 0.00017561660837605726
14 0.0 0.1 2.6 0.4009262509441232 0.00017918641461475005
14 0.0 0.1 2.8 0.40020254145316364 0.0001700873743902936
14 0.0 0.1 3.0 0.40016513564764744 0.00016800317963697292
14 0.0 0.5 0.0 1.3379869602831183e-15 0.0
14 0.0 0.5 0.2 0.5060020541950272 0.00017218104555775547
14 0.0 0.5 0.4 0.46365241219717557 0.0001848251225334106
14 0.0 0.5 0.6 0.4338173040450911 0.0001799111747362543
14 0.0 0.5 0.8 0.41755800110983 0.0001814078513465557
14 0.0 0.5 1.0 0.40902045827663686 0.00017687762115927382
14 0.0 0.5 1.2 0.40499172061542427 0.00017821563404618075
14 0.0 0.5 1.4 0.40253528971687264 0.00017655439607664155
14 0.0 0.5 1.6 0.4013241396909096 0.00017477330585878256
14 0.0 0.5 1.8 0.4007247035693351 0.000182161266865378
14 0.0 0.5 2.0 0.39953970460796534 0.00018051570882598444
14 0.0 0.5 2.2 0.3988649860540859 0.00017653989399918742
14 0.0 0.5 2.4 0.3988192002789942 0.00018069578094961179
14 0.0 0.5 2.6 0.3975285341845058 0.00017858003096261107
14 0.0 0.5 2.8 0.3972397211776053 0.00018257898525635214
14 0.0 0.5 3.0 0.3973163175849013 0.00018628686782963798
14 0.0 1.0 0.0 1.3379869602831183e-15 0.0
14 0.0 1.0 0.2 0.4860789587201019 0.0006010139650442152
14 0.0 1.0 0.4 0.4436035392879325 0.0004430234060341885
14 0.0 1.0 0.6 0.4203040848243493 0.0002996241597193125
14 0.0 1.0 0.8 0.4086426257974673 0.00023003278771831782
14 0.0 1.0 1.0 0.40371587753664573 0.00020805353627516594
14 0.0 1.0 1.2 0.4006356263404715 0.0001969557918692697
14 0.0 1.0 1.4 0.39894424318835164 0.0002032248809816138
14 0.0 1.0 1.6 0.397834535559729 0.0001985667555215325
14 0.0 1.0 1.8 0.3973596485301789 0.00018865282419532552
14 0.0 1.0 2.0 0.3969085689593303 0.00019067832536096956
14 0.0 1.0 2.2 0.3964709187155158 0.0001896593121290627
14 0.0 1.0 2.4 0.39695172294638925 0.00019035118047037582
14 0.0 1.0 2.6 0.3964840818034297 0.00019267947551785975
14 0.0 1.0 2.8 0.3970454019571321 0.0001917601995941763
14 0.0 1.0 3.0 0.39663626700017623 0.00019400080517292164
14 0.1 0.0 0.0 0.3853385787640954 0.0002656449766090224
14 0.1 0.0 0.2 0.39935338807897597 0.0011045521608308065
14 0.1 0.0 0.4 0.4030124987133276 0.0008587002231090536
14 0.1 0.0 0.6 0.4475868591300595 0.0005952831874020807
14 0.1 0.0 0.8 0.4835214170751769 0.000401784577171168
14 0.1 0.0 1.0 0.4993198187532355 0.0003627302904716059
14 0.1 0.0 1.2 0.5082262894139951 0.0003031096130152567
14 0.1 0.0 1.4 0.5138130202365311 0.0003085579992167317
14 0.1 0.0 1.6 0.5161143254048103 0.0003435053030699384
14 0.1 0.0 1.8 0.5167865359698309 0.0003117586963708684
14 0.1 0.0 2.0 0.5163385133747292 0.00028328855398790484
14 0.1 0.0 2.2 0.5180835183259493 0.00030258705562352954
14 0.1 0.0 2.4 0.5207462353222205 0.00028076506376045074
14 0.1 0.0 2.6 0.5211872446721454 0.0002685522222203622
14 0.1 0.0 2.8 0.5215444818610617 0.00028245025810407415
14 0.1 0.0 3.0 0.522368100302043 0.0002605263659144033
14 0.1 0.1 0.0 0.3831352558781058 0.0011507459437041182
14 0.1 0.1 0.2 0.47039679310063387 0.00045878275699141733
14 0.1 0.1 0.4 0.4783163102983838 0.00036604506997519606
14 0.1 0.1 0.6 0.5001864951826822 0.00025003075714187745
14 0.1 0.1 0.8 0.5134970553882211 0.00020328524702488044
14 0.1 0.1 1.0 0.519533935212303 0.00019029485206740917
14 0.1 0.1 1.2 0.5219092567458976 0.00018266007659134776
14 0.1 0.1 1.4 0.5232612127451972 0.00017324733602752876
14 0.1 0.1 1.6 0.5247460731392946 0.00017859239917105205
14 0.1 0.1 1.8 0.5251621082868481 0.00017411587184636837
14 0.1 0.1 2.0 0.5251820515846121 0.00017918999099978273
14 0.1 0.1 2.2 0.5260751107583157 0.00017244236954439405
14 0.1 0.1 2.4 0.5264180560267699 0.00016792012092101856
14 0.1 0.1 2.6 0.5274010454233358 0.0001713299295401663
14 0.1 0.1 2.8 0.5277455111660747 0.0001774586948110723
14 0.1 0.1 3.0 0.5280537294894901 0.00016472411573533006
14 0.1 0.5 0.0 0.3831352558781058 0.0011507459437041182
14 0.1 0.5 0.2 0.5171025500919606 0.00018116224251634266
14 0.1 0.5 0.4 0.5139319803591774 0.00019598739861985775
14 0.1 0.5 0.6 0.5211179761436671 0.0001703770331434904
14 0.1 0.5 0.8 0.5260362894399494 0.00017124638114714987
14 0.1 0.5 1.0 0.5272186713862864 0.00017130168305295017
14 0.1 0.5 1.2 0.5270239650739671 0.00017720563184239903
14 0.1 0.5 1.4 0.5266355626019953 0.00020951274417815518
14 0.1 0.5 1.6 0.523813863090153 0.00029366987983419723
14 0.1 0.5 1.8 0.5195160224602071 0.000429599287097758
14 0.1 0.5 2.0 0.5147163550024967 0.0005216786254790763
14 0.1 0.5 2.2 0.5096409040421266 0.0006227461045135589
14 0.1 0.5 2.4 0.5047402638348257 0.0006949050087546383
14 0.1 0.5 2.6 0.4978039938775089 0.0007276454827416162
14 0.1 0.5 2.8 0.49223975836293155 0.0007661794510485093
14 0.1 0.5 3.0 0.4886286825538791 0.0007851264523880019
14 0.1 1.0 0.0 0.3831352558781058 0.0011507459437041182
14 0.1 1.0 0.2 0.5044794034674661 0.0004666845935184273
14 0.1 1.0 0.4 0.5035196295294594 0.00045433054005041137
14 0.1 1.0 0.6 0.5062479684957243 0.0005727639994199774
14 0.1 1.0 0.8 0.4986855827706766 0.0007267772952710194
14 0.1 1.0 1.0 0.49112842123962575 0.0008475797631117135
14 0.1 1.0 1.2 0.4832693752217457 0.0008559559406228857
14 0.1 1.0 1.4 0.478338437190004 0.0008309779143471851
14 0.1 1.0 1.6 0.4729907238371003 0.0007947995409364698
14 0.1 1.0 1.8 0.47036844013789325 0.0007968578428232734
14 0.1 1.0 2.0 0.4660492716034647 0.0007682038708440996
14 0.1 1.0 2.2 0.4638530031466044 0.000751482341059531
14 0.1 1.0 2.4 0.4608420607892186 0.0006968505269334396
14 0.1 1.0 2.6 0.45932947904794014 0.0007030958907934908
14 0.1 1.0 2.8 0.4588348506776374 0.0007051232820572446
14 0.1 1.0 3.0 0.4580272509788143 0.0006389084932141322
14 0.5 0.0 0.0 0.3846908441704021 0.0003412106932557251
14 0.5 0.0 0.2 0.5224344334590627 0.00020188400634060135
14 0.5 0.0 0.4 0.5196043503190052 0.0002493643149831166
14 0.5 0.0 0.6 0.5216724279327466 0.00019649394427124106
14 0.5 0.0 0.8 0.5254302715894661 0.00017652080656837619
14 0.5 0.0 1.0 0.5275831207261319 0.00016855875858979563
14 0.5 0.0 1.2 0.5287501824371597 0.00016632507056523203
14 0.5 0.0 1.4 0.5295510666074018 0.00017043596875919846
14 0.5 0.0 1.6 0.529601285894165 0.00016224936495468602
14 0.5 0.0 1.8 0.5296858640530688 0.0001698171645123349
14 0.5 0.0 2.0 0.5296678455726616 0.00016608179649871434
14 0.5 0.0 2.2 0.5300722037889681 0.00017179121972256005
14 0.5 0.0 2.4 0.5302894497962117 0.0001656014252848298
14 0.5 0.0 2.6 0.5302507814243147 0.00016489354566225065
14 0.5 0.0 2.8 0.5304547270127766 0.00017392090015398308
14 0.5 0.0 3.0 0.5305111058829337 0.00016703863923945433
14 0.5 0.1 0.0 0.3838016727820136 0.0011354912538285096
14 0.5 0.1 0.2 0.5227281544827315 0.00018668847461222418
14 0.5 0.1 0.4 0.5202778431493417 0.00022393880305535696
14 0.5 0.1 0.6 0.5225841568765548 0.00018729060616143816
14 0.5 0.1 0.8 0.5261502512103575 0.00017408810973487484
14 0.5 0.1 1.0 0.5282052449320322 0.00016658898896462624
14 0.5 0.1 1.2 0.5290041691467552 0.00017267727389867147
14 0.5 0.1 1.4 0.5297701490701248 0.0001649276518453645
14 0.5 0.1 1.6 0.5297191053605846 0.00017045407648071814
14 0.5 0.1 1.8 0.5299533675769103 0.0001707753932193358
14 0.5 0.1 2.0 0.5302185985749855 0.0001653692507544778
14 0.5 0.1 2.2 0.5299285827481038 0.00016909235598476863
14 0.5 0.1 2.4 0.5302124225813684 0.00016898560978357077
14 0.5 0.1 2.6 0.5301511667178372 0.0001681150039600565
14 0.5 0.1 2.8 0.5301797109466586 0.00015993361562518304
14 0.5 0.1 3.0 0.5305687084139342 0.00017032654955459754
14 0.5 0.5 0.0 0.3838016727820136 0.0011354912538285096
14 0.5 0.5 0.2 0.5240187667625635 0.00016772819497092855
14 0.5 0.5 0.4 0.5234097808693531 0.0001755452813783637
14 0.5 0.5 0.6 0.5259821297650761 0.00017013822419765324
14 0.5 0.5 0.8 0.5283962391922121 0.0001731524081114712
14 0.5 0.5 1.0 0.5290796890771019 0.00017405512256106844
14 0.5 0.5 1.2 0.5294106645382265 0.00016167810631755858
14 0.5 0.5 1.4 0.5288163224487531 0.00017104525088777427
14 0.5 0.5 1.6 0.5273915651643812 0.0002056849866370825
14 0.5 0.5 1.8 0.5246801276543747 0.0002968386120736781
14 0.5 0.5 2.0 0.5209884556443171 0.00040893326284215537
14 0.5 0.5 2.2 0.5165640178611434 0.0005151538496870093
14 0.5 0.5 2.4 0.5108612687961153 0.0006192665148977933
14 0.5 0.5 2.6 0.5067162457447889 0.0006612006456584058
14 0.5 0.5 2.8 0.4996063207105929 0.0007336028947380469
14 0.5 0.5 3.0 0.4924805258121274 0.0007866823531192634
14 0.5 1.0 0.0 0.3838016727820136 0.0011354912538285096
14 0.5 1.0 0.2 0.5189682451651356 0.0002873595808030767
14 0.5 1.0 0.4 0.5201360574926231 0.0002542052275554851
14 0.5 1.0 0.6 0.5212824451415711 0.0003839882940233203
14 0.5 1.0 0.8 0.517450619765869 0.000549727089905546
14 0.5 1.0 1.0 0.508214339610739 0.0006817010893203666
14 0.5 1.0 1.2 0.49980207087917455 0.0007539890677782653
14 0.5 1.0 1.4 0.49077724263866734 0.0008106474778871567
14 0.5 1.0 1.6 0.4841254677339476 0.0008034687643923441
14 0.5 1.0 1.8 0.47947075873527895 0.0007886691623108057
14 0.5 1.0 2.0 0.47340906327202487 0.0007896158470899543
14 0.5 1.0 2.2 0.4697380539375336 0.0007856760385553423
14 0.5 1.0 2.4 0.465246898354937 0.0007549633956855312
14 0.5 1.0 2.6 0.45989200499728716 0.0007209857857690816
14 0.5 1.0 2.8 0.45572133968159845 0.0007242818331467959
14 0.5 1.0 3.0 0.45001408258195774 0.0007194120093022121
14 1.0 0.0 0.2 0.5219864003760012 0.0001977806954823825
14 1.0 0.0 0.4 0.5260088132571288 0.00016655736317649122
14 1.0 0.0 0.6 0.5274217809647881 0.00017088220392207703
14 1.0 0.0 0.8 0.5281504094991214 0.00016259980665758156
14 1.0 0.0 1.0 0.5291406005111889 0.0001692591898049691
14 1.0 0.0 1.2 0.5290711831202677 0.0001674449339427002
14 1.0 0.0 1.4 0.5286846251208293 0.0001720650583560672
14 1.0 0.0 1.6 0.5272521182890396 0.00018763123545776495
14 1.0 0.0 1.8 0.5261144713534536 0.00021764510667975803
14 1.0 0.0 2.0 0.525039000935002 0.00024168919445843287
14 1.0 0.0 2.2 0.5221981211236404 0.0003179685738586369
14 1.0 0.0 2.4 0.5200345926974748 0.00040216455643655053
14 1.0 0.0 2.6 0.5180120304462896 0.0004895863067581719
14 1.0 0.0 2.8 0.5166048601094065 0.0005420720252451173
14 1.0 0.0 3.0 0.5173114700480322 0.0005720203574804996
14 1.0 0.1 0.2 0.5220497622823272 0.00020626957276796232
14 1.0 0.1 0.4 0.5260072766034423 0.00016625010921887323
14 1.0 0.1 0.6 0.5271757459008461 0.00016036768055233868
14 1.0 0.1 0.8 0.5284241926464115 0.00016535011276736338
14 1.0 0.1 1.0 0.528596654452457 0.0001659407639609122
14 1.0 0.1 1.2 0.5285560273197367 0.00016932000311186852
14 1.0 0.1 1.4 0.5285885026211422 0.00017435813187468028
14 1.0 0.1 1.6 0.5275536782289691 0.00018068925078171152
14 1.0 0.1 1.8 0.5260886098365959 0.0002128987240092546
14 1.0 0.1 2.0 0.5246055648820733 0.00025214806703470466
14 1.0 0.1 2.2 0.5221840913871395 0.0003120688091842627
14 1.0 0.1 2.4 0.5191951030140278 0.00042980378910920986
14 1.0 0.1 2.6 0.5180290814090419 0.0004778996058135295
14 1.0 0.1 2.8 0.5173354994206547 0.0005289092172515875
14 1.0 0.1 3.0 0.5146795114204233 0.0006181989176543131
14 1.0 0.5 0.2 0.5221961643069066 0.00020411598351594462
14 1.0 0.5 0.4 0.5258366708589818 0.00017551151604480405
14 1.0 0.5 0.6 0.5273145141290044 0.00017166629293747948
14 1.0 0.5 0.8 0.5285120456552975 0.00016968739688222163
14 1.0 0.5 1.0 0.5289698158965764 0.0001648676628852305
14 1.0 0.5 1.2 0.5283636110933727 0.00017039500507161747
14 1.0 0.5 1.4 0.5273560779497747 0.0001890206010987624
14 1.0 0.5 1.6 0.5245446429131885 0.0002137645682803611
14 1.0 0.5 1.8 0.5200517030429723 0.00029888864485653934
14 1.0 0.5 2.0 0.5129097830911585 0.00043687078888675064
14 1.0 0.5 2.2 0.5038558863448765 0.000567543597857905
14 1.0 0.5 2.4 0.49603748620183397 0.0006875028235203709
14 1.0 0.5 2.6 0.48688250393476346 0.0007719831698980189
14 1.0 0.5 2.8 0.48021288433103493 0.0008139908364637183
14 1.0 0.5 3.0 0.4706251007571177 0.0008519108729804978
14 1.0 1.0 0.2 0.519845274295428 0.0002926745263885707
14 1.0 1.0 0.4 0.5235646679883501 0.00021645457737015192
14 1.0 1.0 0.6 0.5250926921912807 0.00028124082994388704
14 1.0 1.0 0.8 0.5210707939261998 0.00042388518271213485
14 1.0 1.0 1.0 0.5152752259777507 0.0005517577197298913
14 1.0 1.0 1.2 0.5048705861249329 0.0006817711330594777
14 1.0 1.0 1.4 0.4948674339480954 0.0007171637068898745
14 1.0 1.0 1.6 0.4863831523206269 0.0007356018651144965
14 1.0 1.0 1.8 0.473136228025933 0.0007281395812044792
14 1.0 1.0 2.0 0.46588759302640254 0.000701150263464254
14 1.0 1.0 2.2 0.45573066280792496 0.0007197921614369106
14 1.0 1.0 2.4 0.44613718895128246 0.0006779414706784863
14 1.0 1.0 2.6 0.4398581744957184 0.0006455952626776667
14 1.0 1.0 2.8 0.4325614042677181 0.0006272396079913148
14 1.0 1.0 3.0 0.4274464263833981 0.0005946446902685881
12 0.0 0.0 0.0 7.681098555554827e-16 0.0
12 0.0 0.0 0.2 0.3995188936169434 0.0
12 0.0 0.0 0.4 0.3454584654123555 0.0
12 0.0 0.0 0.6 0.3225378870911654 0.0
12 0.0 0.0 0.8 0.3558707343723995 0.0
12 0.0 0.0 1.0 0.35231958355379595 0.0
12 0.0 0.0 1.2 0.33096030307976976 0.0
12 0.0 0.0 1.4 0.3574221697649855 0.0
12 0.0 0.0 1.6 0.3654785414034539 0.0
12 0.0 0.0 1.8 0.2622936962713273 0.0
12 0.0 0.0 2.0 5.2481091662377695e-15 0.0
12 0.0 0.0 2.2 0.29487727965358224 0.0
12 0.0 0.0 2.4 0.33504619319836615 0.0
12 0.0 0.0 2.6 0.33503927150834595 0.0
12 0.0 0.0 2.8 0.38841997390365474 0.0
12 0.0 0.0 3.0 0.36969255310518395 0.0
12 0.0 0.1 0.0 7.681098555554827e-16 0.0
12 0.0 0.1 0.2 0.3461119190927252 0.0009905036925922728
12 0.0 0.1 0.4 0.370704495863924 0.0008745176147731527
12 0.0 0.1 0.6 0.3829718086150893 0.0007149734979102383
12 0.0 0.1 0.8 0.39176510359127614 0.0005913162597873376
12 0.0 0.1 1.0 0.3972881452172293 0.0005442951611271327
12 0.0 0.1 1.2 0.39646132072014767 0.0004423620025131675
12 0.0 0.1 1.4 0.39914794307627544 0.0004565311417531598
12 0.0 0.1 1.6 0.4009157391272536 0.0003885287729972969
12 0.0 0.1 1.8 0.40219882358968106 0.0003829334904585814
12 0.0 0.1 2.0 0.3868239389712996 0.00038617367119921575
12 0.0 0.1 2.2 0.40414579211828544 0.00034301962254457705
12 0.0 0.1 2.4 0.40105296338125246 0.0003556151809331738
12 0.0 0.1 2.6 0.4029001711191246 0.00032634208236473865
12 0.0 0.1 2.8 0.4019008454034197 0.0003425093110464707
12 0.0 0.1 3.0 0.4034449765698244 0.0003472196209571503
12 0.0 0.5 0.0 7.681098555554827e-16 0.0
12 0.0 0.5 0.2 0.49962892671087333 0.00038731408287863834
12 0.0 0.5 0.4 0.4676212767982749 0.00033884795970396964
12 0.0 0.5 0.6 0.4408115035426586 0.00033531261024137755
12 0.0 0.5 0.8 0.42379925689008807 0.0003288816278342816
12 0.0 0.5 1.0 0.4144562825265493 0.0003336094074386517
12 0.0 0.5 1.2 0.4089093708248583 0.00032584392292028526
12 0.0 0.5 1.4 0.4055933505622912 0.0003475032510050892
12 0.0 0.5 1.6 0.40417545374196556 0.00032985068750730686
12 0.0 0.5 1.8 0.4035163026686684 0.00034842767235172286
12 0.0 0.5 2.0 0.40150007413376926 0.00032477403986663674
12 0.0 0.5 2.2 0.40043381134237727 0.0003338840898779273
12 0.0 0.5 2.4 0.4002625742826485 0.0003421638771540416
12 0.0 0.5 2.6 0.3995208549655152 0.00033409690873359367
12 0.0 0.5 2.8 0.3988645217960469 0.0003390843516222523
12 0.0 0.5 3.0 0.39863752702955224 0.00035440445792409676
12 0.0 1.0 0.0 7.681098555554827e-16 0.0
12 0.0 1.0 0.2 0.4826181207417591 0.0006597138549338473
12 0.0 1.0 0.4 0.44784755213479627 0.000545246047026191
12 0.0 1.0 0.6 0.42497431371215333 0.00044192782326796893
12 0.0 1.0 0.8 0.4133388342659019 0.00039058799636586955
12 0.0 1.0 1.0 0.4076043431329853 0.0003700948118278604
12 0.0 1.0 1.2 0.4046971241086773 0.0003577701360909688
12 0.0 1.0 1.4 0.4022930732987247 0.0003469795808980818
12 0.0 1.0 1.6 0.40051409058713183 0.0003489548970577419
12 0.0 1.0 1.8 0.399967398090945 0.00033858360889576583
12 0.0 1.0 2.0 0.3991932605903075 0.000343737149504961
12 0.0 1.0 2.2 0.4000121209600279 0.00034758461690824114
12 0.0 1.0 2.4 0.3993720465025202 0.0003346379473997512
12 0.0 1.0 2.6 0.39930067496920735 0.00035942490840033185
12 0.0 1.0 2.8 0.398290055719836 0.00035365332148567575
12 0.0 1.0 3.0 0.3971484409312158 0.0003783768193397653
12 0.1 0.0 0.0 0.3812696476253568 0.0006169661617678949
12 0.1 0.0 0.2 0.3413158753669184 0.0014034414350916826
12 0.1 0.0 0.4 0.3457882516271319 0.001204447899627054
12 0.1 0.0 0.6 0.3876535639043559 0.0010125955033690878
12 0.1 0.0 0.8 0.4285174088743058 0.0009963939136083376
12 0.1 0.0 1.0 0.4456208637807193 0.0009397261291544941
12 0.1 0.0 1.2 0.467074808555167 0.0008951646117631326
12 0.1 0.0 1.4 0.47211224249197675 0.0009489314075239496
12 0.1 0.0 1.6 0.4772542899240578 0.0009372484952454519
12 0.1 0.0 1.8 0.47640457847416123 0.0009699876794551261
12 0.1 0.0 2.0 0.48066515738598903 0.0007333558432871343
12 0.1 0.0 2.2 0.47937392644172055 0.000880964115279584
12 0.1 0.0 2.4 0.48668098137983884 0.0009326822194008749
12 0.1 0.0 2.6 0.48563350815696404 0.0009315258960226438
12 0.1 0.0 2.8 0.48733302367122455 0.0010247752085105007
12 0.1 0.0 3.0 0.49246444411982615 0.0008814982330319922
12 0.1 0.1 0.0 0.3812696476253568 0.0006169661617678949
12 0.1 0.1 0.2 0.40701685893947503 0.0008305752015987857
12 0.1 0.1 0.4 0.4265678723097966 0.0006298873047549154
12 0.1 0.1 0.6 0.4559734507452756 0.0005792366102474061
12 0.1 0.1 0.8 0.48200013293660543 0.0004708603140143026
12 0.1 0.1 1.0 0.4920105737645944 0.00047546667137443865
12 0.1 0.1 1.2 0.5025072524324691 0.0004230227229103227
12 0.1 0.1 1.4 0.5077245944691614 0.0004050074313404632
12 0.1 0.1 1.6 0.5069465999768821 0.0004259449271354732
12 0.1 0.1 1.8 0.5095541968779032 0.00041311721594932896
12 0.1 0.1 2.0 0.5068829563913165 0.00039393640428614547
12 0.1 0.1 2.2 0.5137529220951736 0.00036932575136916057
12 0.1 0.1 2.4 0.5147679486277509 0.00037382241515592884
12 0.1 0.1 2.6 0.5161740262143905 0.0003801196066699844
12 0.1 0.1 2.8 0.5186526936270216 0.0003615289304917736
12 0.1 0.1 3.0 0.5201614237352745 0.00036114786276705526
12 0.1 0.5 0.0 0.3812696476253568 0.0006169661617678949
12 0.1 0.5 0.2 0.5059422627575885 0.0003867069913324719
12 0.1 0.5 0.4 0.5013398401135011 0.00034823493549320075
12 0.1 0.5 0.6 0.5112462999930077 0.00032784574973886626
12 0.1 0.5 0.8 0.5180963698978621 0.0003421773311245028
12 0.1 0.5 1.0 0.5202094492594755 0.0003246439895545999
12 0.1 0.5 1.2 0.5193606241751229 0.0003805258342539418
12 0.1 0.5 1.4 0.516057472944353 0.0004268707898110035
12 0.1 0.5 1.6 0.5127770436907373 0.0005171163678440469
12 0.1 0.5 1.8 0.5082348893327822 0.0005970375163100345
12 0.1 0.5 2.0 0.5016106755440654 0.0006643616769442277
12 0.1 0.5 2.2 0.4974695778835104 0.0007150078374108217
12 0.1 0.5 2.4 0.49308230030858885 0.0007375301673765588
12 0.1 0.5 2.6 0.48924054200440137 0.0007299013740509545
12 0.1 0.5 2.8 0.4854385579988383 0.0007728725016337933
12 0.1 0.5 3.0 0.48220673503825684 0.000758398204393936
12 0.1 1.0 0.0 0.3812696476253568 0.0006169661617678949
12 0.1 1.0 0.2 0.4944645454763649 0.0005695656045953158
12 0.1 1.0 0.4 0.4911190801932267 0.0005599954726288524
12 0.1 1.0 0.6 0.49273827508716067 0.0007144891260218304
12 0.1 1.0 0.8 0.4864709899321549 0.0008346894496220428
12 0.1 1.0 1.0 0.48279392402687193 0.0008358924726282808
12 0.1 1.0 1.2 0.475995143873909 0.0008669506162922411
12 0.1 1.0 1.4 0.47169618887313636 0.0008268474424744355
12 0.1 1.0 1.6 0.46801895839858565 0.0007967788503256503
12 0.1 1.0 1.8 0.46516682519512426 0.0007713844699793532
12 0.1 1.0 2.0 0.46194712811746347 0.0007451326229813915
12 0.1 1.0 2.2 0.4611549270317804 0.0007488999439454747
12 0.1 1.0 2.4 0.4602998935213888 0.0007213930464530195
12 0.1 1.0 2.6 0.4596668114419412 0.0006911778407332578
12 0.1 1.0 2.8 0.4616162671866107 0.0006760228400342278
12 0.1 1.0 3.0 0.46218967355409973 0.0006555543418962008
12 0.5 0.0 0.0 0.38116726583745425 0.0006170262844277903
12 0.5 0.0 0.2 0.5132997121030204 0.00036774286071651353
12 0.5 0.0 0.4 0.5096275444435252 0.00043166806008008605
12 0.5 0.0 0.6 0.5131207917630427 0.0004105948047064135
12 0.5 0.0 0.8 0.5172664876904458 0.0003461268120171531
12 0.5 0.0 1.0 0.5225896931558855 0.0003330028732635737
12 0.5 0.0 1.2 0.5252536709067422 0.0003226146293512158
12 0.5 0.0 1.4 0.526435911065779 0.00032277563377917565
12 0.5 0.0 1.6 0.5272005537871115 0.0003115953569363565
12 0.5 0.0 1.8 0.5279263567076159 0.0003203172124654021
12 0.5 0.0 2.0 0.5274300545334117 0.00032414059373900625
12 0.5 0.0 2.2 0.5285050727476599 0.0003211045505041662
12 0.5 0.0 2.4 0.5290409597053272 0.0003203439255499329
12 0.5 0.0 2.6 0.5298052998669689 0.0003150119778784251
12 0.5 0.0 2.8 0.5297744316804316 0.0003220418925186822
12 0.5 0.0 3.0 0.5291857052001836 0.00032831387902822895
12 0.5 0.1 0.0 0.38116726583745425 0.0006170262844277903
12 0.5 0.1 0.2 0.5137450102394957 0.00036824296658630044
12 0.5 0.1 0.4 0.5112037856357661 0.00042684925667388856
12 0.5 0.1 0.6 0.5136093201652424 0.0004082066421012159
12 0.5 0.1 0.8 0.5191174075814404 0.0003491731848668157
12 0.5 0.1 1.0 0.5231491941920899 0.0003247579359439866
12 0.5 0.1 1.2 0.525421077010703 0.0003162982667383654
12 0.5 0.1 1.4 0.5265689266198603 0.00032095728687654197
12 0.5 0.1 1.6 0.5277367249940667 0.0003283621921696925
12 0.5 0.1 1.8 0.5284572510892734 0.00031280185981919466
12 0.5 0.1 2.0 0.5281509732899086 0.000323159298282906
12 0.5 0.1 2.2 0.5279348607171062 0.00031302753667710695
12 0.5 0.1 2.4 0.5285844091779877 0.0003297891754109152
12 0.5 0.1 2.6 0.5295075731711443 0.00031993302744646687
12 0.5 0.1 2.8 0.529679342836992 0.00032324553085587423
12 0.5 0.1 3.0 0.5294495726865964 0.00032035506592704413
12 0.5 0.5 0.0 0.38116726583745425 0.0006170262844277903
12 0.5 0.5 0.2 0.5173522005435244 0.00033949128062098417
12 0.5 0.5 0.4 0.5178533890630624 0.00031796950274775616
12 0.5 0.5 0.6 0.5217213225835717 0.00032157562492121324
12 0.5 0.5 0.8 0.524437131193741 0.00032713905652549566
12 0.5 0.5 1.0 0.5270220706396449 0.00031217668833477243
12 0.5 0.5 1.2 0.5260192407619537 0.00032844245113352054
12 0.5 0.5 1.4 0.5253484412977435 0.0003504101683235092
12 0.5 0.5 1.6 0.5223405835194012 0.00038727145635517523
12 0.5 0.5 1.8 0.5184963078258693 0.00046525892003926973
12 0.5 0.5 2.0 0.5146789077872956 0.0005630995207007089
12 0.5 0.5 2.2 0.5084108037617125 0.0006590697954485137
12 0.5 0.5 2.4 0.5050800713045566 0.0006729341088049459
12 0.5 0.5 2.6 0.4987927908051394 0.0007300094394831394
12 0.5 0.5 2.8 0.4950347654611344 0.0007925770765456016
12 0.5 0.5 3.0 0.49224018850217727 0.0008026953867851442
12 0.5 1.0 0.0 0.38116726583745425 0.0006170262844277903
12 0.5 1.0 0.2 0.5100442529985266 0.0004319919736541694
12 0.5 1.0 0.4 0.5121900069971508 0.0004291306808387175
12 0.5 1.0 0.6 0.5147240067960162 0.0005075360690454093
12 0.5 1.0 0.8 0.5112465969791193 0.0006449344694459059
12 0.5 1.0 1.0 0.5029875472106312 0.0007684927257494147
12 0.5 1.0 1.2 0.4953133287847149 0.0007728849831607799
12 0.5 1.0 1.4 0.48823176944241137 0.0007963171111389118
12 0.5 1.0 1.6 0.48128699401314085 0.0007849296215059297
12 0.5 1.0 1.8 0.47774132969530597 0.0008120127077694408
12 0.5 1.0 2.0 0.4732231238625573 0.0007539055515008629
12 0.5 1.0 2.2 0.4705391112193262 0.0007562313747690657
12 0.5 1.0 2.4 0.46655977289911116 0.0007204808072708203
12 0.5 1.0 2.6 0.46269616915074985 0.0007407006902353245
12 0.5 1.0 2.8 0.4586203087975593 0.0007454378212363755
12 0.5 1.0 3.0 0.4542725564917435 0.0007092332978361112
10 0.0 0.0 0.0 3.436404600030253e-16 0.0
10 0.0 0.0 0.2 0.3105158383204504 0.0
10 0.0 0.0 0.4 0.2710097652273346 0.0
10 0.0 0.0 0.6 0.41606966060053907 0.0
10 0.0 0.0 0.8 0.32689951108357823 0.0
10 0.0 0.0 1.0 0.4968021094540305 0.0
10 0.0 0.0 1.2 0.3958980490281814 0.0
10 0.0 0.0 1.4 0.31005492836125315 0.0
10 0.0 0.0 1.6 0.30871906728824233 0.0
10 0.0 0.0 1.8 0.1792971509156281 0.0
10 0.0 0.0 2.0 0.035714285714287065 0.0
10 0.0 0.0 2.2 0.17728295152021314 0.0
10 0.0 0.0 2.4 0.24107618005067177 0.0
10 0.0 0.0 2.6 0.2732335499941657 0.0
10 0.0 0.0 2.8 0.2891158697586542 0.0
10 0.0 0.0 3.0 0.30205384590662127 0.0
10 0.0 0.1 0.0 3.436404600030253e-16 0.0
10 0.0 0.1 0.2 0.25186701769012804 0.0011738083120475687
10 0.0 0.1 0.4 0.29114836308662345 0.001255804758543041
10 0.0 0.1 0.6 0.30947157531109265 0.001278853524433316
10 0.0 0.1 0.8 0.3235324655938737 0.0008882114292630998
10 0.0 0.1 1.0 0.3352724209350854 0.0009768371297745946
10 0.0 0.1 1.2 0.3681822425322022 0.0009567588985068997
10 0.0 0.1 1.4 0.3578322253190613 0.0009060165392900779
10 0.0 0.1 1.6 0.3752512698913057 0.001017805143897663
10 0.0 0.1 1.8 0.3784640666807726 0.0007731724104907714
10 0.0 0.1 2.0 0.3584363462439651 0.0007462746115041741
10 0.0 0.1 2.2 0.39622100450953124 0.0007010702526744559
10 0.0 0.1 2.4 0.3866999289347718 0.0007451869834852135
10 0.0 0.1 2.6 0.39879870106858695 0.0006967689370713825
10 0.0 0.1 2.8 0.39633661791875163 0.0006835247681459518
10 0.0 0.1 3.0 0.4008361815209817 0.0007327169442704943
10 0.0 0.5 0.0 3.436404600030253e-16 0.0
10 0.0 0.5 0.2 0.4734226434901079 0.0009333160171553521
10 0.0 0.5 0.4 0.4603440359255697 0.0007006601958927231
10 0.0 0.5 0.6 0.4418767234864294 0.0006475777289227623
10 0.0 0.5 0.8 0.4261740050830385 0.0006433575215189446
10 0.0 0.5 1.0 0.4195744711290854 0.0006374271977650258
10 0.0 0.5 1.2 0.41102376617119585 0.0006261170918382558
10 0.0 0.5 1.4 0.40902301216308945 0.0006539734836330897
10 0.0 0.5 1.6 0.40759215129681325 0.0006301427848931765
10 0.0 0.5 1.8 0.4034592525577065 0.0006544680722336137
10 0.0 0.5 2.0 0.40298676552039325 0.0006262515193942222
10 0.0 0.5 2.2 0.4017833694619087 0.0006543703242353784
10 0.0 0.5 2.4 0.40087373791647307 0.0006311544177692449
10 0.0 0.5 2.6 0.4015071794234535 0.0006626654019662202
10 0.0 0.5 2.8 0.4010433291707234 0.0006420372184620264
10 0.0 0.5 3.0 0.39960592406040146 0.0006686764605089695
10 0.0 1.0 0.0 3.436404600030253e-16 0.0
10 0.0 1.0 0.2 0.4740568557105885 0.0008631153592328455
10 0.0 1.0 0.4 0.45079988449474934 0.00080391759190182
10 0.0 1.0 0.6 0.4294070682603151 0.000716310340714432
10 0.0 1.0 0.8 0.41818705492910513 0.0006865741544441463
10 0.0 1.0 1.0 0.41198114334168223 0.0006599786239193285
10 0.0 1.0 1.2 0.40915440878273057 0.0006518662549308853
10 0.0 1.0 1.4 0.4064036211637144 0.000655896486666914
10 0.0 1.0 1.6 0.40430593846033386 0.0006546450941275857
10 0.0 1.0 1.8 0.40455610678201587 0.0006550928128960839
10 0.0 1.0 2.0 0.4037187423625101 0.0006237696664548787
10 0.0 1.0 2.2 0.40416121925209664 0.0006503673242755409
10 0.0 1.0 2.4 0.40268083277900507 0.000639621827996777
10 0.0 1.0 2.6 0.4031929374858794 0.0006817731095039154
10 0.0 1.0 2.8 0.40194500948586914 0.0006793288845688398
10 0.0 1.0 3.0 0.39946473330251375 0.0006997338892062155
10 0.1 0.0 0.0 0.3712555076195745 0.0010059290359034528
10 0.1 0.0 0.2 0.28481710708969793 0.0017003112831166442
10 0.1 0.0 0.4 0.2801676824460113 0.0014801288454135669
10 0.1 0.0 0.6 0.3015038646128038 0.0014351989354384237
10 0.1 0.0 0.8 0.3378831465777788 0.0015496912331404993
10 0.1 0.0 1.0 0.3601302208754386 0.0014040877425866404
10 0.1 0.0 1.2 0.38326908886951794 0.0016036576723193951
10 0.1 0.0 1.4 0.39261128793912514 0.0016897893002828645
10 0.1 0.0 1.6 0.38239632371812715 0.0017677745084007269
10 0.1 0.0 1.8 0.3926715427273991 0.0017136253255618534
10 0.1 0.0 2.0 0.39909071000567786 0.0012656189505378924
10 0.1 0.0 2.2 0.3878586507447568 0.0016371835003482775
10 0.1 0.0 2.4 0.39293990348580843 0.0017038300135742669
10 0.1 0.0 2.6 0.40167947991265146 0.0016129228089820473
10 0.1 0.0 2.8 0.4048417095618196 0.0017064923916202063
10 0.1 0.0 3.0 0.4073842540674764 0.0017499797988405135
10 0.1 0.1 0.0 0.3712555076195745 0.0010059290359034528
10 0.1 0.1 0.2 0.3349471680605492 0.0013089103072128328
10 0.1 0.1 0.4 0.35208046513099084 0.0011509036672337964
10 0.1 0.1 0.6 0.3713070780835937 0.0010439389789041336
10 0.1 0.1 0.8 0.4101484803816373 0.0010455713488546998
10 0.1 0.1 1.0 0.42775513904069196 0.0009922784387696578
10 0.1 0.1 1.2 0.46021496833413683 0.0009182409603757084
10 0.1 0.1 1.4 0.4557042026253145 0.0009475788076225067
10 0.1 0.1 1.6 0.46034916736061376 0.0009087139536262076
10 0.1 0.1 1.8 0.47147387478457853 0.000888086331940254
10 0.1 0.1 2.0 0.4567450695099064 0.0007842458635371697
10 0.1 0.1 2.2 0.48120297036225074 0.0007993919993815559
10 0.1 0.1 2.4 0.4779233901272838 0.0008143658449629362
10 0.1 0.1 2.6 0.4825338244682497 0.0008028354416850899
10 0.1 0.1 2.8 0.4887817471196903 0.0007651561989705826
10 0.1 0.1 3.0 0.4900007385496419 0.0007596984529897014
10 0.1 0.5 0.0 0.3712555076195745 0.0010059290359034528
10 0.1 0.5 0.2 0.4803533753768461 0.0007832316767840316
10 0.1 0.5 0.4 0.4849674907923744 0.0007282235794584058
10 0.1 0.5 0.6 0.4925826518233138 0.0006826840143428451
10 0.1 0.5 0.8 0.4994637854067635 0.0006859252489156653
10 0.1 0.5 1.0 0.5026524922563851 0.000681542488905099
10 0.1 0.5 1.2 0.49995084338631496 0.0006960547674581127
10 0.1 0.5 1.4 0.49715685710776064 0.0007321063695066306
10 0.1 0.5 1.6 0.4946176900579396 0.0007946696171107194
10 0.1 0.5 1.8 0.4888159865465379 0.0008010519698763675
10 0.1 0.5 2.0 0.48389288312048384 0.0008698449727418426
10 0.1 0.5 2.2 0.4795285052652552 0.0008755752701410277
10 0.1 0.5 2.4 0.4756245080162938 0.0008739811506267784
10 0.1 0.5 2.6 0.4730496763185496 0.0008672122255235862
10 0.1 0.5 2.8 0.4741762081607817 0.000821389791918366
10 0.1 0.5 3.0 0.4736180450500895 0.0008549017804573552
10 0.1 1.0 0.0 0.3712555076195745 0.0010059290359034528
10 0.1 1.0 0.2 0.4792893179259133 0.0008300994224930919
10 0.1 1.0 0.4 0.4795069053487896 0.0007845651051098586
10 0.1 1.0 0.6 0.47916367084950984 0.0008326555466996487
10 0.1 1.0 0.8 0.47554737672089514 0.0009408414735091546
10 0.1 1.0 1.0 0.47127233121955175 0.0009525380860813618
10 0.1 1.0 1.2 0.4676354396243491 0.0009095931979721328
10 0.1 1.0 1.4 0.4627865580004859 0.0009175417896582047
10 0.1 1.0 1.6 0.46055169030283283 0.0009150783691470897
10 0.1 1.0 1.8 0.45487416270904923 0.000862121622790213
10 0.1 1.0 2.0 0.45495221168769817 0.000892476380535131
10 0.1 1.0 2.2 0.4559257453162265 0.0008464407741954351
10 0.1 1.0 2.4 0.45584989889598776 0.0008278188768655689
10 0.1 1.0 2.6 0.45788152424036344 0.0008128015892851178
10 0.1 1.0 2.8 0.4600546660169755 0.000835592619068867
10 0.1 1.0 3.0 0.4610951314944879 0.0008084076620726342
10 0.5 0.0 0.0 0.3693175844160726 0.0010241734811054777
10 0.5 0.0 0.2 0.4990894481145349 0.0006795162504232204
10 0.5 0.0 0.4 0.49152164269526577 0.0008545314873230805
10 0.5 0.0 0.6 0.49625055208824054 0.0007980482298017176
10 0.5 0.0 0.8 0.5035573869293943 0.0007316394504385672
10 0.5 0.0 1.0 0.5102869246537726 0.0006572846493947296
10 0.5 0.0 1.2 0.5148504519838022 0.000660858674464149
10 0.5 0.0 1.4 0.517939452555232 0.0006305437262280459
10 0.5 0.0 1.6 0.5211708112108 0.0006183347641073574
10 0.5 0.0 1.8 0.5216085653005664 0.0006109086699093822
10 0.5 0.0 2.0 0.5209416174203205 0.0006379802282732924
10 0.5 0.0 2.2 0.5226901427965795 0.0006322200358457715
10 0.5 0.0 2.4 0.5234383639745711 0.0006341585591706263
10 0.5 0.0 2.6 0.5245995866652292 0.0006213962873542407
10 0.5 0.0 2.8 0.5249328692622693 0.0006410814521551578
10 0.5 0.0 3.0 0.5255257962262628 0.0006232525740126431
10 0.5 0.1 0.0 0.3693175844160726 0.0010241734811054777
10 0.5 0.1 0.2 0.49645596225040195 0.0007283908045706036
10 0.5 0.1 0.4 0.49181923704516484 0.0008053683088353154
10 0.5 0.1 0.6 0.49715918053343794 0.0007820968010111742
10 0.5 0.1 0.8 0.5039336781951244 0.0006740371420045175
10 0.5 0.1 1.0 0.5103785999413242 0.0006337330611387541
10 0.5 0.1 1.2 0.5158969675562742 0.0006361243307074513
10 0.5 0.1 1.4 0.5183094733189313 0.0006216394444030907
10 0.5 0.1 1.6 0.5216906630681393 0.0006117686195563695
10 0.5 0.1 1.8 0.5221375413336837 0.0006087419082772228
10 0.5 0.1 2.0 0.5212791347063628 0.0006152665743679777
10 0.5 0.1 2.2 0.5219398402586729 0.0006203803396852385
10 0.5 0.1 2.4 0.5244000381872913 0.0006162052020224843
10 0.5 0.1 2.6 0.5244657529066348 0.0006137669976930719
10 0.5 0.1 2.8 0.525808299154999 0.0006234058852349183
10 0.5 0.1 3.0 0.5263912389373235 0.0006254180501404129
10 0.5 0.5 0.0 0.3693175844160726 0.0010241734811054777
10 0.5 0.5 0.2 0.5031963853994162 0.0006140156570616289
10 0.5 0.5 0.4 0.5037043943942835 0.0006048427337020387
10 0.5 0.5 0.6 0.511521403350896 0.0006231288912919379
10 0.5 0.5 0.8 0.5162499777777881 0.0006190408169944655
10 0.5 0.5 1.0 0.5212195324085408 0.0006223589700239921
10 0.5 0.5 1.2 0.5198862571288013 0.0006407637074439633
10 0.5 0.5 1.4 0.5175508555419112 0.0006687359177114888
10 0.5 0.5 1.6 0.5136938647729866 0.000688092444882358
10 0.5 0.5 1.8 0.5080559661457865 0.0008009023611756026
10 0.5 0.5 2.0 0.5045137118700292 0.0007825342837881675
10 0.5 0.5 2.2 0.5019375434618202 0.0008240436930951469
10 0.5 0.5 2.4 0.4985271862463509 0.0008828024040075811
10 0.5 0.5 2.6 0.49660365488979674 0.000843838721634949
10 0.5 0.5 2.8 0.49250237173227496 0.0008957669413512155
10 0.5 0.5 3.0 0.48941726939431157 0.0008807570333173404
10 0.5 1.0 0.0 0.3693175844160726 0.0010241734811054777
10 0.5 1.0 0.2 0.4955377505902701 0.000717978602437784
10 0.5 1.0 0.4 0.5006462166721718 0.0007025837222627675
10 0.5 1.0 0.6 0.5019236348731285 0.0007310839279010677
10 0.5 1.0 0.8 0.5010813653847143 0.0008197433217987335
10 0.5 1.0 1.0 0.4966828925835013 0.0008957073335665913
10 0.5 1.0 1.2 0.4905934242394568 0.0009258949540656339
10 0.5 1.0 1.4 0.48359256360930375 0.0009058439759804475
10 0.5 1.0 1.6 0.4807329143781142 0.0008971136235992945
10 0.5 1.0 1.8 0.4763995080956795 0.0008828621715668452
10 0.5 1.0 2.0 0.4728285602566631 0.0008868659227164138
10 0.5 1.0 2.2 0.4717956139709714 0.0008773629625810588
10 0.5 1.0 2.4 0.4694778895571706 0.0008654035899523271
10 0.5 1.0 2.6 0.4659560497578656 0.000866075468020829
10 0.5 1.0 2.8 0.465438768793609 0.0009374597235579616
10 0.5 1.0 3.0 0.4621139606143803 0.0009017561961618988
